1	1000000	996000	1	287.678
1	1000000	996000	2	205.872
1	1000000	996000	3	210.768
1	1000000	996000	4	174.693
1	1000000	996000	5	182.399
1	1000000	996000	6	177.494
1	1000000	996000	7	175.054
1	500000	496000	1	155.577
1	500000	496000	2	110.233
1	500000	496000	3	112.945
1	500000	496000	4	95.783
1	500000	496000	5	97.005
1	500000	496000	6	95.280
1	500000	496000	7	94.958
1	200000	196000	1	14.552
1	200000	196000	2	11.489
1	200000	196000	3	11.556
1	200000	196000	4	9.557
1	200000	196000	5	11.460
1	200000	196000	6	10.995
1	200000	196000	7	10.384
1	100000	96000	1	6.711
1	100000	96000	2	5.194
1	100000	96000	3	5.055
1	100000	96000	4	4.808
1	100000	96000	5	6.256
1	100000	96000	6	5.947
1	100000	96000	7	5.615
1	50000	46000	1	3.706
1	50000	46000	2	2.747
1	50000	46000	3	2.803
1	50000	46000	4	2.421
1	50000	46000	5	3.757
1	50000	46000	6	3.758
1	50000	46000	7	3.313
1	10000	6000	1	0.579
1	10000	6000	2	0.465
1	10000	6000	3	0.443
1	10000	6000	4	0.621
1	10000	6000	5	0.670
1	10000	6000	6	0.685
1	10000	6000	7	0.662
1	5000	1000	1	0.087
1	5000	1000	2	0.072
1	5000	1000	3	0.075
1	5000	1000	4	0.146
1	5000	1000	5	0.108
1	5000	1000	6	0.128
1	5000	1000	7	0.135
2	1000000	498000	1	293.813
2	1000000	498000	2	218.585
2	1000000	498000	3	221.956
2	1000000	498000	4	183.814
2	1000000	498000	5	191.994
2	1000000	498000	6	182.893
2	1000000	498000	7	181.842
2	500000	248000	1	156.574
2	500000	248000	2	114.422
2	500000	248000	3	116.885
2	500000	248000	4	97.777
2	500000	248000	5	101.704
2	500000	248000	6	97.114
2	500000	248000	7	96.956
2	200000	98000	1	14.440
2	200000	98000	2	12.468
2	200000	98000	3	12.211
2	200000	98000	4	9.857
2	200000	98000	5	12.282
2	200000	98000	6	11.195
2	200000	98000	7	11.168
2	100000	48000	1	6.939
2	100000	48000	2	5.772
2	100000	48000	3	5.528
2	100000	48000	4	4.779
2	100000	48000	5	6.999
2	100000	48000	6	6.492
2	100000	48000	7	6.124
2	50000	23000	1	3.665
2	50000	23000	2	3.046
2	50000	23000	3	2.838
2	50000	23000	4	2.486
2	50000	23000	5	3.890
2	50000	23000	6	3.679
2	50000	23000	7	3.419
2	10000	3000	1	0.568
2	10000	3000	2	0.490
2	10000	3000	3	0.454
2	10000	3000	4	0.590
2	10000	3000	5	0.685
2	10000	3000	6	0.612
2	10000	3000	7	0.666
2	5000	500	1	0.089
2	5000	500	2	0.077
2	5000	500	3	0.069
2	5000	500	4	0.135
2	5000	500	5	0.118
2	5000	500	6	0.131
2	5000	500	7	0.138
5	1000000	199200	1	280.787
5	1000000	199200	2	203.348
5	1000000	199200	3	209.001
5	1000000	199200	4	174.017
5	1000000	199200	5	182.461
5	1000000	199200	6	174.252
5	1000000	199200	7	173.911
5	500000	99200	1	150.100
5	500000	99200	2	108.818
5	500000	99200	3	111.318
5	500000	99200	4	92.851
5	500000	99200	5	97.640
5	500000	99200	6	93.095
5	500000	99200	7	93.296
5	200000	39200	1	15.031
5	200000	39200	2	12.301
5	200000	39200	3	12.243
5	200000	39200	4	10.143
5	200000	39200	5	12.224
5	200000	39200	6	11.257
5	200000	39200	7	11.043
5	100000	19200	1	6.611
5	100000	19200	2	5.479
5	100000	19200	3	5.312
5	100000	19200	4	4.718
5	100000	19200	5	6.565
5	100000	19200	6	6.099
5	100000	19200	7	5.720
5	50000	9200	1	13.354
5	50000	9200	2	8.785
5	50000	9200	3	9.824
5	50000	9200	4	8.466
5	50000	9200	5	9.821
5	50000	9200	6	9.473
5	50000	9200	7	9.080
5	10000	1200	1	0.538
5	10000	1200	2	0.447
5	10000	1200	3	0.420
5	10000	1200	4	0.673
5	10000	1200	5	0.668
5	10000	1200	6	0.575
5	10000	1200	7	0.616
5	5000	200	1	0.084
5	5000	200	2	0.070
5	5000	200	3	0.064
5	5000	200	4	0.107
5	5000	200	5	0.111
5	5000	200	6	0.116
5	5000	200	7	0.131
10	1000000	99600	1	280.521
10	1000000	99600	2	199.942
10	1000000	99600	3	207.516
10	1000000	99600	4	173.329
10	1000000	99600	5	180.341
10	1000000	99600	6	174.232
10	1000000	99600	7	173.486
10	500000	49600	1	144.106
10	500000	49600	2	102.334
10	500000	49600	3	107.045
10	500000	49600	4	88.136
10	500000	49600	5	92.727
10	500000	49600	6	88.991
10	500000	49600	7	88.747
10	200000	19600	1	60.428
10	200000	19600	2	41.799
10	200000	19600	3	44.455
10	200000	19600	4	36.801
10	200000	19600	5	39.456
10	200000	19600	6	37.600
10	200000	19600	7	37.918
10	100000	9600	1	6.073
10	100000	9600	2	4.619
10	100000	9600	3	4.796
10	100000	9600	4	4.017
10	100000	9600	5	5.726
10	100000	9600	6	5.364
10	100000	9600	7	5.019
10	50000	4600	1	4.454
10	50000	4600	2	3.148
10	50000	4600	3	3.638
10	50000	4600	4	2.695
10	50000	4600	5	4.093
10	50000	4600	6	3.899
10	50000	4600	7	3.725
10	10000	600	1	0.506
10	10000	600	2	0.387
10	10000	600	3	0.371
10	10000	600	4	0.450
10	10000	600	5	0.516
10	10000	600	6	0.510
10	10000	600	7	0.540
10	5000	100	1	0.080
10	5000	100	2	0.063
10	5000	100	3	0.064
10	5000	100	4	0.114
10	5000	100	5	0.093
10	5000	100	6	0.121
10	5000	100	7	0.118
60	1000000	16600	1	295.140
60	1000000	16600	2	189.121
60	1000000	16600	3	197.432
60	1000000	16600	4	156.452
60	1000000	16600	5	166.908
60	1000000	16600	6	157.372
60	1000000	16600	7	160.687
60	500000	8266	1	60	500000	8266	2	60	500000	8266	3	60	500000	8266	4	60	500000	8266	5	60	500000	8266	6	60	500000	8266	7	60	200000	3266	1	60	200000	3266	2	60	200000	3266	3	60	200000	3266	4	60	200000	3266	5	60	200000	3266	6	60	200000	3266	7	60	100000	1600	1	6.635
60	100000	1600	2	3.583
60	100000	1600	3	4.147
60	100000	1600	4	3.518
60	100000	1600	5	4.580
60	100000	1600	6	4.333
60	100000	1600	7	4.278
60	50000	766	1	60	50000	766	2	60	50000	766	3	60	50000	766	4	60	50000	766	5	60	50000	766	6	60	50000	766	7	60	10000	100	1	0.435
60	10000	100	2	0.270
60	10000	100	3	0.281
60	10000	100	4	0.350
60	10000	100	5	0.412
60	10000	100	6	0.362
60	10000	100	7	0.413
60	5000	16	1	60	5000	16	2	60	5000	16	3	60	5000	16	4	60	5000	16	5	60	5000	16	6	60	5000	16	7	360	1000000	2766	1	360	1000000	2766	2	360	1000000	2766	3	360	1000000	2766	4	360	1000000	2766	5	360	1000000	2766	6	360	1000000	2766	7	360	500000	1377	1	360	500000	1377	2	360	500000	1377	3	360	500000	1377	4	360	500000	1377	5	360	500000	1377	6	360	500000	1377	7	360	200000	544	1	360	200000	544	2	360	200000	544	3	360	200000	544	4	360	200000	544	5	360	200000	544	6	360	200000	544	7	360	100000	266	1	360	100000	266	2	360	100000	266	3	360	100000	266	4	360	100000	266	5	360	100000	266	6	360	100000	266	7	360	50000	127	1	360	50000	127	2	360	50000	127	3	360	50000	127	4	360	50000	127	5	360	50000	127	6	360	50000	127	7	360	10000	16	1	360	10000	16	2	360	10000	16	3	360	10000	16	4	360	10000	16	5	360	10000	16	6	360	10000	16	7	360	5000	2	1	360	5000	2	2	360	5000	2	3	360	5000	2	4	360	5000	2	5	360	5000	2	6	360	5000	2	7	720	1000000	1383	1	720	1000000	1383	2	720	1000000	1383	3	720	1000000	1383	4	720	1000000	1383	5	720	1000000	1383	6	720	1000000	1383	7	720	500000	688	1	720	500000	688	2	720	500000	688	3	720	500000	688	4	720	500000	688	5	720	500000	688	6	720	500000	688	7	720	200000	272	1	720	200000	272	2	720	200000	272	3	720	200000	272	4	720	200000	272	5	720	200000	272	6	720	200000	272	7	720	100000	133	1	720	100000	133	2	720	100000	133	3	720	100000	133	4	720	100000	133	5	720	100000	133	6	720	100000	133	7	720	50000	63	1	720	50000	63	2	720	50000	63	3	720	50000	63	4	720	50000	63	5	720	50000	63	6	720	50000	63	7	720	10000	8	1	720	10000	8	2	720	10000	8	3	720	10000	8	4	720	10000	8	5	720	10000	8	6	720	10000	8	7	720	5000	1	1	720	5000	1	2	720	5000	1	3	720	5000	1	4	720	5000	1	5	720	5000	1	6	720	5000	1	7	1800	1000000	553	1	1800	1000000	553	2	1800	1000000	553	3	1800	1000000	553	4	1800	1000000	553	5	1800	1000000	553	6	1800	1000000	553	7	1800	500000	275	1	1800	500000	275	2	1800	500000	275	3	1800	500000	275	4	1800	500000	275	5	1800	500000	275	6	1800	500000	275	7	1800	200000	108	1	1800	200000	108	2	1800	200000	108	3	1800	200000	108	4	1800	200000	108	5	1800	200000	108	6	1800	200000	108	7	1800	100000	53	1	1800	100000	53	2	1800	100000	53	3	1800	100000	53	4	1800	100000	53	5	1800	100000	53	6	1800	100000	53	7	1800	50000	25	1	1800	50000	25	2	1800	50000	25	3	1800	50000	25	4	1800	50000	25	5	1800	50000	25	6	1800	50000	25	7	1800	10000	3	1	1800	10000	3	2	1800	10000	3	3	1800	10000	3	4	1800	10000	3	5	1800	10000	3	6	1800	10000	3	7	1800	5000	0	1	1800	5000	0	2	1800	5000	0	3	1800	5000	0	4	1800	5000	0	5	1800	5000	0	6	1800	5000	0	7	3600	1000000	276	1	3600	1000000	276	2	3600	1000000	276	3	3600	1000000	276	4	3600	1000000	276	5	3600	1000000	276	6	3600	1000000	276	7	3600	500000	137	1	3600	500000	137	2	3600	500000	137	3	3600	500000	137	4	3600	500000	137	5	3600	500000	137	6	3600	500000	137	7	3600	200000	54	1	3600	200000	54	2	3600	200000	54	3	3600	200000	54	4	3600	200000	54	5	3600	200000	54	6	3600	200000	54	7	3600	100000	26	1	3600	100000	26	2	3600	100000	26	3	3600	100000	26	4	3600	100000	26	5	3600	100000	26	6	3600	100000	26	7	3600	50000	12	1	3600	50000	12	2	3600	50000	12	3	3600	50000	12	4	3600	50000	12	5	3600	50000	12	6	3600	50000	12	7	3600	10000	1	1	3600	10000	1	2	3600	10000	1	3	3600	10000	1	4	3600	10000	1	5	3600	10000	1	6	3600	10000	1	7	3600	5000	0	1	3600	5000	0	2	3600	5000	0	3	3600	5000	0	4	3600	5000	0	5	3600	5000	0	6	3600	5000	0	7	7200	1000000	138	1	7200	1000000	138	2	7200	1000000	138	3	7200	1000000	138	4	7200	1000000	138	5	7200	1000000	138	6	7200	1000000	138	7	7200	500000	68	1	7200	500000	68	2	7200	500000	68	3	7200	500000	68	4	7200	500000	68	5	7200	500000	68	6	7200	500000	68	7	7200	200000	27	1	7200	200000	27	2	7200	200000	27	3	7200	200000	27	4	7200	200000	27	5	7200	200000	27	6	7200	200000	27	7	7200	100000	13	1	7200	100000	13	2	7200	100000	13	3	7200	100000	13	4	7200	100000	13	5	7200	100000	13	6	7200	100000	13	7	7200	50000	6	1	7200	50000	6	2	7200	50000	6	3	7200	50000	6	4	7200	50000	6	5	7200	50000	6	6	7200	50000	6	7	7200	10000	0	1	7200	10000	0	2	7200	10000	0	3	7200	10000	0	4	7200	10000	0	5	7200	10000	0	6	7200	10000	0	7	7200	5000	0	1	7200	5000	0	2	7200	5000	0	3	7200	5000	0	4	7200	5000	0	5	7200	5000	0	6	7200	5000	0	7	1	1000000	996000	1	288.324
1	1000000	996000	2	203.453
1	1000000	996000	3	209.884
1	1000000	996000	4	175.972
1	1000000	996000	5	181.028
1	1000000	996000	6	174.457
1	1000000	996000	7	174.093
1	500000	496000	1	155.992
1	500000	496000	2	110.449
1	500000	496000	3	114.601
1	500000	496000	4	96.099
1	500000	496000	5	98.425
1	500000	496000	6	95.024
1	500000	496000	7	93.547
1	200000	196000	1	14.446
1	200000	196000	2	11.676
1	200000	196000	3	11.814
1	200000	196000	4	9.371
1	200000	196000	5	11.809
1	200000	196000	6	10.978
1	200000	196000	7	10.443
1	100000	96000	1	6.620
1	100000	96000	2	5.123
1	100000	96000	3	5.059
1	100000	96000	4	4.365
1	100000	96000	5	6.293
1	100000	96000	6	6.051
1	100000	96000	7	5.657
1	50000	46000	1	3.688
1	50000	46000	2	2.761
1	50000	46000	3	2.783
1	50000	46000	4	2.404
1	50000	46000	5	3.716
1	50000	46000	6	3.733
1	50000	46000	7	3.436
1	10000	6000	1	0.594
1	10000	6000	2	0.463
1	10000	6000	3	0.441
1	10000	6000	4	0.623
1	10000	6000	5	0.710
1	10000	6000	6	0.644
1	10000	6000	7	0.682
1	5000	1000	1	0.104
1	5000	1000	2	0.071
1	5000	1000	3	0.082
1	5000	1000	4	0.136
1	5000	1000	5	0.120
1	5000	1000	6	0.135
1	5000	1000	7	0.129
2	1000000	498000	1	293.555
2	1000000	498000	2	214.028
2	1000000	498000	3	218.455
2	1000000	498000	4	182.392
2	1000000	498000	5	190.321
2	1000000	498000	6	184.041
2	1000000	498000	7	181.128
2	500000	248000	1	156.539
2	500000	248000	2	113.557
2	500000	248000	3	115.671
2	500000	248000	4	97.562
2	500000	248000	5	101.583
2	500000	248000	6	97.106
2	500000	248000	7	97.592
2	200000	98000	1	14.521
2	200000	98000	2	12.484
2	200000	98000	3	12.157
2	200000	98000	4	9.880
2	200000	98000	5	12.213
2	200000	98000	6	11.268
2	200000	98000	7	11.081
2	100000	48000	1	6.957
2	100000	48000	2	5.771
2	100000	48000	3	5.465
2	100000	48000	4	4.826
2	100000	48000	5	7.015
2	100000	48000	6	6.376
2	100000	48000	7	6.154
2	50000	23000	1	3.661
2	50000	23000	2	3.045
2	50000	23000	3	2.830
2	50000	23000	4	2.508
2	50000	23000	5	3.864
2	50000	23000	6	3.685
2	50000	23000	7	3.416
2	10000	3000	1	0.573
2	10000	3000	2	0.479
2	10000	3000	3	0.446
2	10000	3000	4	0.591
2	10000	3000	5	0.631
2	10000	3000	6	0.631
2	10000	3000	7	0.661
2	5000	500	1	0.089
2	5000	500	2	0.076
2	5000	500	3	0.079
2	5000	500	4	0.140
2	5000	500	5	0.110
2	5000	500	6	0.149
2	5000	500	7	0.156
5	1000000	199200	1	313.692
5	1000000	199200	2	203.914
5	1000000	199200	3	208.722
5	1000000	199200	4	174.197
5	1000000	199200	5	182.344
5	1000000	199200	6	174.109
5	1000000	199200	7	173.899
5	500000	99200	1	150.140
5	500000	99200	2	108.466
5	500000	99200	3	112.213
5	500000	99200	4	92.825
5	500000	99200	5	97.478
5	500000	99200	6	93.183
5	500000	99200	7	92.841
5	200000	39200	1	14.942
5	200000	39200	2	12.414
5	200000	39200	3	12.266
5	200000	39200	4	10.206
5	200000	39200	5	12.369
5	200000	39200	6	11.137
5	200000	39200	7	10.875
5	100000	19200	1	6.626
5	100000	19200	2	5.476
5	100000	19200	3	5.240
5	100000	19200	4	4.595
5	100000	19200	5	6.612
5	100000	19200	6	6.084
5	100000	19200	7	5.656
5	50000	9200	1	13.328
5	50000	9200	2	8.868
5	50000	9200	3	10.202
5	50000	9200	4	8.551
5	50000	9200	5	9.893
5	50000	9200	6	9.362
5	50000	9200	7	9.062
5	10000	1200	1	0.534
5	10000	1200	2	0.447
5	10000	1200	3	0.408
5	10000	1200	4	0.513
5	10000	1200	5	0.647
5	10000	1200	6	0.563
5	10000	1200	7	0.616
5	5000	200	1	0.084
5	5000	200	2	0.070
5	5000	200	3	0.062
5	5000	200	4	0.126
5	5000	200	5	0.116
5	5000	200	6	0.097
5	5000	200	7	0.128
10	1000000	99600	1	281.010
10	1000000	99600	2	199.343
10	1000000	99600	3	206.611
10	1000000	99600	4	172.997
10	1000000	99600	5	179.744
10	1000000	99600	6	173.974
10	1000000	99600	7	173.322
10	500000	49600	1	144.232
10	500000	49600	2	102.232
10	500000	49600	3	106.352
10	500000	49600	4	88.344
10	500000	49600	5	92.877
10	500000	49600	6	88.221
10	500000	49600	7	88.860
10	200000	19600	1	60.356
10	200000	19600	2	41.903
10	200000	19600	3	44.735
10	200000	19600	4	36.904
10	200000	19600	5	39.636
10	200000	19600	6	37.740
10	200000	19600	7	37.685
10	100000	9600	1	6.047
10	100000	9600	2	4.598
10	100000	9600	3	4.827
10	100000	9600	4	4.043
10	100000	9600	5	5.702
10	100000	9600	6	5.375
10	100000	9600	7	4.966
10	50000	4600	1	4.531
10	50000	4600	2	3.150
10	50000	4600	3	3.167
10	50000	4600	4	2.700
10	50000	4600	5	4.116
10	50000	4600	6	3.931
10	50000	4600	7	3.677
10	10000	600	1	0.499
10	10000	600	2	0.388
10	10000	600	3	0.375
10	10000	600	4	0.521
10	10000	600	5	0.555
10	10000	600	6	0.511
10	10000	600	7	0.516
10	5000	100	1	0.080
10	5000	100	2	0.061
10	5000	100	3	0.072
10	5000	100	4	0.116
10	5000	100	5	0.104
10	5000	100	6	0.113
10	5000	100	7	0.135
60	1000000	16600	1	295.161
60	1000000	16600	2	171.629
60	1000000	16600	3	194.955
60	1000000	16600	4	157.059
60	1000000	16600	5	168.868
60	1000000	16600	6	159.794
60	1000000	16600	7	159.714
60	500000	8266	1	60	500000	8266	2	60	500000	8266	3	60	500000	8266	4	60	500000	8266	5	60	500000	8266	6	60	500000	8266	7	60	200000	3266	1	60	200000	3266	2	60	200000	3266	3	60	200000	3266	4	60	200000	3266	5	60	200000	3266	6	60	200000	3266	7	60	100000	1600	1	6.657
60	100000	1600	2	3.589
60	100000	1600	3	4.153
60	100000	1600	4	3.536
60	100000	1600	5	4.607
60	100000	1600	6	4.332
60	100000	1600	7	4.276
60	50000	766	1	60	50000	766	2	60	50000	766	3	60	50000	766	4	60	50000	766	5	60	50000	766	6	60	50000	766	7	60	10000	100	1	0.454
60	10000	100	2	0.270
60	10000	100	3	0.281
60	10000	100	4	0.386
60	10000	100	5	0.396
60	10000	100	6	0.376
60	10000	100	7	0.380
60	5000	16	1	60	5000	16	2	60	5000	16	3	60	5000	16	4	60	5000	16	5	60	5000	16	6	60	5000	16	7	360	1000000	2766	1	360	1000000	2766	2	360	1000000	2766	3	360	1000000	2766	4	360	1000000	2766	5	360	1000000	2766	6	360	1000000	2766	7	360	500000	1377	1	360	500000	1377	2	360	500000	1377	3	360	500000	1377	4	360	500000	1377	5	360	500000	1377	6	360	500000	1377	7	360	200000	544	1	360	200000	544	2	360	200000	544	3	360	200000	544	4	360	200000	544	5	360	200000	544	6	360	200000	544	7	360	100000	266	1	360	100000	266	2	360	100000	266	3	360	100000	266	4	360	100000	266	5	360	100000	266	6	360	100000	266	7	360	50000	127	1	360	50000	127	2	360	50000	127	3	360	50000	127	4	360	50000	127	5	360	50000	127	6	360	50000	127	7	360	10000	16	1	360	10000	16	2	360	10000	16	3	360	10000	16	4	360	10000	16	5	360	10000	16	6	360	10000	16	7	360	5000	2	1	360	5000	2	2	360	5000	2	3	360	5000	2	4	360	5000	2	5	360	5000	2	6	360	5000	2	7	720	1000000	1383	1	720	1000000	1383	2	720	1000000	1383	3	720	1000000	1383	4	720	1000000	1383	5	720	1000000	1383	6	720	1000000	1383	7	720	500000	688	1	720	500000	688	2	720	500000	688	3	720	500000	688	4	720	500000	688	5	720	500000	688	6	720	500000	688	7	720	200000	272	1	720	200000	272	2	720	200000	272	3	720	200000	272	4	720	200000	272	5	720	200000	272	6	720	200000	272	7	720	100000	133	1	720	100000	133	2	720	100000	133	3	720	100000	133	4	720	100000	133	5	720	100000	133	6	720	100000	133	7	720	50000	63	1	720	50000	63	2	720	50000	63	3	720	50000	63	4	720	50000	63	5	720	50000	63	6	720	50000	63	7	720	10000	8	1	720	10000	8	2	720	10000	8	3	720	10000	8	4	720	10000	8	5	720	10000	8	6	720	10000	8	7	720	5000	1	1	720	5000	1	2	720	5000	1	3	720	5000	1	4	720	5000	1	5	720	5000	1	6	720	5000	1	7	1800	1000000	553	1	1800	1000000	553	2	1800	1000000	553	3	1800	1000000	553	4	1800	1000000	553	5	1800	1000000	553	6	1800	1000000	553	7	1800	500000	275	1	1800	500000	275	2	1800	500000	275	3	1800	500000	275	4	1800	500000	275	5	1800	500000	275	6	1800	500000	275	7	1800	200000	108	1	1800	200000	108	2	1800	200000	108	3	1800	200000	108	4	1800	200000	108	5	1800	200000	108	6	1800	200000	108	7	1800	100000	53	1	1800	100000	53	2	1800	100000	53	3	1800	100000	53	4	1800	100000	53	5	1800	100000	53	6	1800	100000	53	7	1800	50000	25	1	1800	50000	25	2	1800	50000	25	3	1800	50000	25	4	1800	50000	25	5	1800	50000	25	6	1800	50000	25	7	1800	10000	3	1	1800	10000	3	2	1800	10000	3	3	1800	10000	3	4	1800	10000	3	5	1800	10000	3	6	1800	10000	3	7	1800	5000	0	1	1800	5000	0	2	1800	5000	0	3	1800	5000	0	4	1800	5000	0	5	1800	5000	0	6	1800	5000	0	7	3600	1000000	276	1	3600	1000000	276	2	3600	1000000	276	3	3600	1000000	276	4	3600	1000000	276	5	3600	1000000	276	6	3600	1000000	276	7	3600	500000	137	1	3600	500000	137	2	3600	500000	137	3	3600	500000	137	4	3600	500000	137	5	3600	500000	137	6	3600	500000	137	7	3600	200000	54	1	3600	200000	54	2	3600	200000	54	3	3600	200000	54	4	3600	200000	54	5	3600	200000	54	6	3600	200000	54	7	3600	100000	26	1	3600	100000	26	2	3600	100000	26	3	3600	100000	26	4	3600	100000	26	5	3600	100000	26	6	3600	100000	26	7	3600	50000	12	1	3600	50000	12	2	3600	50000	12	3	3600	50000	12	4	3600	50000	12	5	3600	50000	12	6	3600	50000	12	7	3600	10000	1	1	3600	10000	1	2	3600	10000	1	3	3600	10000	1	4	3600	10000	1	5	3600	10000	1	6	3600	10000	1	7	3600	5000	0	1	3600	5000	0	2	3600	5000	0	3	3600	5000	0	4	3600	5000	0	5	3600	5000	0	6	3600	5000	0	7	7200	1000000	138	1	7200	1000000	138	2	7200	1000000	138	3	7200	1000000	138	4	7200	1000000	138	5	7200	1000000	138	6	7200	1000000	138	7	7200	500000	68	1	7200	500000	68	2	7200	500000	68	3	7200	500000	68	4	7200	500000	68	5	7200	500000	68	6	7200	500000	68	7	7200	200000	27	1	7200	200000	27	2	7200	200000	27	3	7200	200000	27	4	7200	200000	27	5	7200	200000	27	6	7200	200000	27	7	7200	100000	13	1	7200	100000	13	2	7200	100000	13	3	7200	100000	13	4	7200	100000	13	5	7200	100000	13	6	7200	100000	13	7	7200	50000	6	1	7200	50000	6	2	7200	50000	6	3	7200	50000	6	4	7200	50000	6	5	7200	50000	6	6	7200	50000	6	7	7200	10000	0	1	7200	10000	0	2	7200	10000	0	3	7200	10000	0	4	7200	10000	0	5	7200	10000	0	6	7200	10000	0	7	7200	5000	0	1	7200	5000	0	2	7200	5000	0	3	7200	5000	0	4	7200	5000	0	5	7200	5000	0	6	7200	5000	0	7	7200	-2200	0	5	7200	5000	0	5	7200	10000	0	5	7200	50000	6	5	7200	50000	6	5	7200	50000	6	5	7200	50000	6	5	7200	50000	6	5	7200	50000	6	5	7200	50000	6	5	7200	50000	6	5	7200	50000	6	5	7200	50000	6	5	7200	50000	6	5	7200	50000	6	5	7200	50000	6	5	7200	50000	6	5	7200	50000	6	5	7200	50000	6	5	7200	50000	6	5	7200	50000	6	5	7200	50000	6	5	7200	50000	6	5	