1	1000000	996000	1	287.678
1	1000000	996000	2	205.872
1	1000000	996000	3	210.768
1	1000000	996000	4	174.693
1	1000000	996000	5	182.399
1	1000000	996000	6	177.494
1	1000000	996000	7	175.054
1	500000	496000	1	155.577
1	500000	496000	2	110.233
1	500000	496000	3	112.945
1	500000	496000	4	95.783
1	500000	496000	5	97.005
1	500000	496000	6	95.280
1	500000	496000	7	94.958
1	200000	196000	1	14.552
1	200000	196000	2	11.489
1	200000	196000	3	11.556
1	200000	196000	4	9.557
1	200000	196000	5	11.460
1	200000	196000	6	10.995
1	200000	196000	7	10.384
1	100000	96000	1	6.711
1	100000	96000	2	5.194
1	100000	96000	3	5.055
1	100000	96000	4	4.808
1	100000	96000	5	6.256
1	100000	96000	6	5.947
1	100000	96000	7	5.615
1	50000	46000	1	3.706
1	50000	46000	2	2.747
1	50000	46000	3	2.803
1	50000	46000	4	2.421
1	50000	46000	5	3.757
1	50000	46000	6	3.758
1	50000	46000	7	3.313
1	10000	6000	1	0.579
1	10000	6000	2	0.465
1	10000	6000	3	0.443
1	10000	6000	4	0.621
1	10000	6000	5	0.670
1	10000	6000	6	0.685
1	10000	6000	7	0.662
1	5000	1000	1	0.087
1	5000	1000	2	0.072
1	5000	1000	3	0.075
1	5000	1000	4	0.146
1	5000	1000	5	0.108
1	5000	1000	6	0.128
1	5000	1000	7	0.135
2	1000000	498000	1	293.813
2	1000000	498000	2	218.585
2	1000000	498000	3	221.956
2	1000000	498000	4	183.814
2	1000000	498000	5	191.994
2	1000000	498000	6	182.893
2	1000000	498000	7	181.842
2	500000	248000	1	156.574
2	500000	248000	2	114.422
2	500000	248000	3	116.885
2	500000	248000	4	97.777
2	500000	248000	5	101.704
2	500000	248000	6	97.114
2	500000	248000	7	96.956
2	200000	98000	1	14.440
2	200000	98000	2	12.468
2	200000	98000	3	12.211
2	200000	98000	4	9.857
2	200000	98000	5	12.282
2	200000	98000	6	11.195
2	200000	98000	7	11.168
2	100000	48000	1	6.939
2	100000	48000	2	5.772
2	100000	48000	3	5.528
2	100000	48000	4	4.779
2	100000	48000	5	6.999
2	100000	48000	6	6.492
2	100000	48000	7	6.124
2	50000	23000	1	3.665
2	50000	23000	2	3.046
2	50000	23000	3	2.838
2	50000	23000	4	2.486
2	50000	23000	5	3.890
2	50000	23000	6	3.679
2	50000	23000	7	3.419
2	10000	3000	1	0.568
2	10000	3000	2	0.490
2	10000	3000	3	0.454
2	10000	3000	4	0.590
2	10000	3000	5	0.685
2	10000	3000	6	0.612
2	10000	3000	7	0.666
2	5000	500	1	0.089
2	5000	500	2	0.077
2	5000	500	3	0.069
2	5000	500	4	0.135
2	5000	500	5	0.118
2	5000	500	6	0.131
2	5000	500	7	0.138
5	1000000	199200	1	280.787
5	1000000	199200	2	203.348
5	1000000	199200	3	209.001
5	1000000	199200	4	174.017
5	1000000	199200	5	182.461
5	1000000	199200	6	174.252
5	1000000	199200	7	173.911
5	500000	99200	1	150.100
5	500000	99200	2	108.818
5	500000	99200	3	111.318
5	500000	99200	4	92.851
5	500000	99200	5	97.640
5	500000	99200	6	93.095
5	500000	99200	7	93.296
5	200000	39200	1	15.031
5	200000	39200	2	12.301
5	200000	39200	3	12.243
5	200000	39200	4	10.143
5	200000	39200	5	12.224
5	200000	39200	6	11.257
5	200000	39200	7	11.043
5	100000	19200	1	6.611
5	100000	19200	2	5.479
5	100000	19200	3	5.312
5	100000	19200	4	4.718
5	100000	19200	5	6.565
5	100000	19200	6	6.099
5	100000	19200	7	5.720
5	50000	9200	1	13.354
5	50000	9200	2	8.785
5	50000	9200	3	9.824
5	50000	9200	4	8.466
5	50000	9200	5	9.821
5	50000	9200	6	9.473
5	50000	9200	7	9.080
5	10000	1200	1	0.538
5	10000	1200	2	0.447
5	10000	1200	3	0.420
5	10000	1200	4	0.673
5	10000	1200	5	0.668
5	10000	1200	6	0.575
5	10000	1200	7	0.616
5	5000	200	1	0.084
5	5000	200	2	0.070
5	5000	200	3	0.064
5	5000	200	4	0.107
5	5000	200	5	0.111
5	5000	200	6	0.116
5	5000	200	7	0.131
10	1000000	99600	1	280.521
10	1000000	99600	2	199.942
10	1000000	99600	3	207.516
10	1000000	99600	4	173.329
10	1000000	99600	5	180.341
10	1000000	99600	6	174.232
10	1000000	99600	7	173.486
10	500000	49600	1	144.106
10	500000	49600	2	102.334
10	500000	49600	3	107.045
10	500000	49600	4	88.136
10	500000	49600	5	92.727
10	500000	49600	6	88.991
10	500000	49600	7	88.747
10	200000	19600	1	60.428
10	200000	19600	2	41.799
10	200000	19600	3	44.455
10	200000	19600	4	36.801
10	200000	19600	5	39.456
10	200000	19600	6	37.600
10	200000	19600	7	37.918
10	100000	9600	1	6.073
10	100000	9600	2	4.619
10	100000	9600	3	4.796
10	100000	9600	4	4.017
10	100000	9600	5	5.726
10	100000	9600	6	5.364
10	100000	9600	7	5.019
10	50000	4600	1	4.454
10	50000	4600	2	3.148
10	50000	4600	3	3.638
10	50000	4600	4	2.695
10	50000	4600	5	4.093
10	50000	4600	6	3.899
10	50000	4600	7	3.725
10	10000	600	1	0.506
10	10000	600	2	0.387
10	10000	600	3	0.371
10	10000	600	4	0.450
10	10000	600	5	0.516
10	10000	600	6	0.510
10	10000	600	7	0.540
10	5000	100	1	0.080
10	5000	100	2	0.063
10	5000	100	3	0.064
10	5000	100	4	0.114
10	5000	100	5	0.093
10	5000	100	6	0.121
10	5000	100	7	0.118
60	1000000	16600	1	295.140
60	1000000	16600	2	189.121
60	1000000	16600	3	197.432
60	1000000	16600	4	156.452
60	1000000	16600	5	166.908
60	1000000	16600	6	157.372
60	1000000	16600	7	160.687
60	100000	1600	1	6.635
60	100000	1600	2	3.583
60	100000	1600	3	4.147
60	100000	1600	4	3.518
60	100000	1600	5	4.580
60	100000	1600	6	4.333
60	100000	1600	7	4.278	
60	10000	100	1	0.435
60	10000	100	2	0.270
60	10000	100	3	0.281
60	10000	100	4	0.350
60	10000	100	5	0.412
60	10000	100	6	0.362
60	10000	100	7	0.413
1	1000000	996000	1	288.324
1	1000000	996000	2	203.453
1	1000000	996000	3	209.884
1	1000000	996000	4	175.972
1	1000000	996000	5	181.028
1	1000000	996000	6	174.457
1	1000000	996000	7	174.093
1	500000	496000	1	155.992
1	500000	496000	2	110.449
1	500000	496000	3	114.601
1	500000	496000	4	96.099
1	500000	496000	5	98.425
1	500000	496000	6	95.024
1	500000	496000	7	93.547
1	200000	196000	1	14.446
1	200000	196000	2	11.676
1	200000	196000	3	11.814
1	200000	196000	4	9.371
1	200000	196000	5	11.809
1	200000	196000	6	10.978
1	200000	196000	7	10.443
1	100000	96000	1	6.620
1	100000	96000	2	5.123
1	100000	96000	3	5.059
1	100000	96000	4	4.365
1	100000	96000	5	6.293
1	100000	96000	6	6.051
1	100000	96000	7	5.657
1	50000	46000	1	3.688
1	50000	46000	2	2.761
1	50000	46000	3	2.783
1	50000	46000	4	2.404
1	50000	46000	5	3.716
1	50000	46000	6	3.733
1	50000	46000	7	3.436
1	10000	6000	1	0.594
1	10000	6000	2	0.463
1	10000	6000	3	0.441
1	10000	6000	4	0.623
1	10000	6000	5	0.710
1	10000	6000	6	0.644
1	10000	6000	7	0.682
1	5000	1000	1	0.104
1	5000	1000	2	0.071
1	5000	1000	3	0.082
1	5000	1000	4	0.136
1	5000	1000	5	0.120
1	5000	1000	6	0.135
1	5000	1000	7	0.129
2	1000000	498000	1	293.555
2	1000000	498000	2	214.028
2	1000000	498000	3	218.455
2	1000000	498000	4	182.392
2	1000000	498000	5	190.321
2	1000000	498000	6	184.041
2	1000000	498000	7	181.128
2	500000	248000	1	156.539
2	500000	248000	2	113.557
2	500000	248000	3	115.671
2	500000	248000	4	97.562
2	500000	248000	5	101.583
2	500000	248000	6	97.106
2	500000	248000	7	97.592
2	200000	98000	1	14.521
2	200000	98000	2	12.484
2	200000	98000	3	12.157
2	200000	98000	4	9.880
2	200000	98000	5	12.213
2	200000	98000	6	11.268
2	200000	98000	7	11.081
2	100000	48000	1	6.957
2	100000	48000	2	5.771
2	100000	48000	3	5.465
2	100000	48000	4	4.826
2	100000	48000	5	7.015
2	100000	48000	6	6.376
2	100000	48000	7	6.154
2	50000	23000	1	3.661
2	50000	23000	2	3.045
2	50000	23000	3	2.830
2	50000	23000	4	2.508
2	50000	23000	5	3.864
2	50000	23000	6	3.685
2	50000	23000	7	3.416
2	10000	3000	1	0.573
2	10000	3000	2	0.479
2	10000	3000	3	0.446
2	10000	3000	4	0.591
2	10000	3000	5	0.631
2	10000	3000	6	0.631
2	10000	3000	7	0.661
2	5000	500	1	0.089
2	5000	500	2	0.076
2	5000	500	3	0.079
2	5000	500	4	0.140
2	5000	500	5	0.110
2	5000	500	6	0.149
2	5000	500	7	0.156
5	1000000	199200	1	313.692
5	1000000	199200	2	203.914
5	1000000	199200	3	208.722
5	1000000	199200	4	174.197
5	1000000	199200	5	182.344
5	1000000	199200	6	174.109
5	1000000	199200	7	173.899
5	500000	99200	1	150.140
5	500000	99200	2	108.466
5	500000	99200	3	112.213
5	500000	99200	4	92.825
5	500000	99200	5	97.478
5	500000	99200	6	93.183
5	500000	99200	7	92.841
5	200000	39200	1	14.942
5	200000	39200	2	12.414
5	200000	39200	3	12.266
5	200000	39200	4	10.206
5	200000	39200	5	12.369
5	200000	39200	6	11.137
5	200000	39200	7	10.875
5	100000	19200	1	6.626
5	100000	19200	2	5.476
5	100000	19200	3	5.240
5	100000	19200	4	4.595
5	100000	19200	5	6.612
5	100000	19200	6	6.084
5	100000	19200	7	5.656
5	50000	9200	1	13.328
5	50000	9200	2	8.868
5	50000	9200	3	10.202
5	50000	9200	4	8.551
5	50000	9200	5	9.893
5	50000	9200	6	9.362
5	50000	9200	7	9.062
5	10000	1200	1	0.534
5	10000	1200	2	0.447
5	10000	1200	3	0.408
5	10000	1200	4	0.513
5	10000	1200	5	0.647
5	10000	1200	6	0.563
5	10000	1200	7	0.616
5	5000	200	1	0.084
5	5000	200	2	0.070
5	5000	200	3	0.062
5	5000	200	4	0.126
5	5000	200	5	0.116
5	5000	200	6	0.097
5	5000	200	7	0.128
10	1000000	99600	1	281.010
10	1000000	99600	2	199.343
10	1000000	99600	3	206.611
10	1000000	99600	4	172.997
10	1000000	99600	5	179.744
10	1000000	99600	6	173.974
10	1000000	99600	7	173.322
10	500000	49600	1	144.232
10	500000	49600	2	102.232
10	500000	49600	3	106.352
10	500000	49600	4	88.344
10	500000	49600	5	92.877
10	500000	49600	6	88.221
10	500000	49600	7	88.860
10	200000	19600	1	60.356
10	200000	19600	2	41.903
10	200000	19600	3	44.735
10	200000	19600	4	36.904
10	200000	19600	5	39.636
10	200000	19600	6	37.740
10	200000	19600	7	37.685
10	100000	9600	1	6.047
10	100000	9600	2	4.598
10	100000	9600	3	4.827
10	100000	9600	4	4.043
10	100000	9600	5	5.702
10	100000	9600	6	5.375
10	100000	9600	7	4.966
10	50000	4600	1	4.531
10	50000	4600	2	3.150
10	50000	4600	3	3.167
10	50000	4600	4	2.700
10	50000	4600	5	4.116
10	50000	4600	6	3.931
10	50000	4600	7	3.677
10	10000	600	1	0.499
10	10000	600	2	0.388
10	10000	600	3	0.375
10	10000	600	4	0.521
10	10000	600	5	0.555
10	10000	600	6	0.511
10	10000	600	7	0.516
10	5000	100	1	0.080
10	5000	100	2	0.061
10	5000	100	3	0.072
10	5000	100	4	0.116
10	5000	100	5	0.104
10	5000	100	6	0.113
10	5000	100	7	0.135
60	1000000	16600	1	295.161
60	1000000	16600	2	171.629
60	1000000	16600	3	194.955
60	1000000	16600	4	157.059
60	1000000	16600	5	168.868
60	1000000	16600	6	159.794
60	1000000	16600	7	159.714
60	500000	8266	1	60	500000	8266	2	60	500000	8266	3	60	500000	8266	4	60	500000	8266	5	60	500000	8266	6	60	500000	8266	7	60	200000	3266	1	60	200000	3266	2	60	200000	3266	3	60	200000	3266	4	60	200000	3266	5	60	200000	3266	6	60	200000	3266	7	
60	100000	1600	1	6.657
60	100000	1600	2	3.589
60	100000	1600	3	4.153
60	100000	1600	4	3.536
60	100000	1600	5	4.607
60	100000	1600	6	4.332
60	100000	1600	7	4.276
60	50000	766	1	60	50000	766	2	60	50000	766	3	60	50000	766	4	60	50000	766	5	60	50000	766	6	60	50000	766	7	
60	10000	100	1	0.454
60	10000	100	2	0.270
60	10000	100	3	0.281
60	10000	100	4	0.386
60	10000	100	5	0.396
60	10000	100	6	0.376
60	10000	100	7	0.380

60	1000000	16600	1	301.042
60	1000000	16600	1	295.962
60	1000000	16600	1	295.466
60	1000000	16600	1	333.262

60	1000000	16600	1	319.603
60	1000000	16600	2	171.722
60	1000000	16600	3	199.244
60	1000000	16600	4	158.120
60	1000000	16600	5	168.140
60	1000000	16600	6	157.567
60	1000000	16600	7	164.058
60	500000	8266	1	137.681
60	500000	8266	2	78.869
60	500000	8266	3	91.997
60	500000	8266	4	72.896
60	500000	8266	5	79.946
60	500000	8266	6	73.730
60	500000	8266	7	73.957
60	200000	3266	1	17.886
60	200000	3266	2	9.961
60	200000	3266	3	10.804
60	200000	3266	4	8.870
60	200000	3266	5	10.489
60	200000	3266	6	9.659
60	200000	3266	7	9.682
60	100000	1600	1	6.629
60	100000	1600	2	3.591
60	100000	1600	3	4.269
60	100000	1600	4	3.564
60	100000	1600	5	4.596
60	100000	1600	6	4.316
60	100000	1600	7	4.341
60	50000	766	1	2.365
60	50000	766	2	1.350
60	50000	766	3	1.885
60	50000	766	4	1.397
60	50000	766	5	2.009
60	50000	766	6	1.795
60	50000	766	7	1.875
60	10000	100	1	0.490
60	10000	100	2	0.271
60	10000	100	3	0.266
60	10000	100	4	0.385
60	10000	100	5	0.420
60	10000	100	6	0.357
60	10000	100	7	0.375
60	5000	16	1	0.071
60	5000	16	2	0.047
60	5000	16	3	0.046
60	5000	16	4	0.110
60	5000	16	5	0.082
60	5000	16	6	0.090
60	5000	16	7	0.108
360	1000000	2766	1	65.308
360	1000000	2766	2	36.644
360	1000000	2766	3	42.361
360	1000000	2766	4	32.798
360	1000000	2766	5	35.439
360	1000000	2766	6	34.253
360	1000000	2766	7	33.751
360	500000	1377	1	30.148
360	500000	1377	2	16.330
360	500000	1377	3	19.647
360	500000	1377	4	15.040
360	500000	1377	5	16.823
360	500000	1377	6	16.302
360	500000	1377	7	16.108
360	200000	544	1	7.807
360	200000	544	2	4.271
360	200000	544	3	4.860
360	200000	544	4	3.874
360	200000	544	5	5.424
360	200000	544	6	5.130
360	200000	544	7	5.022
360	100000	266	1	3.604
360	100000	266	2	2.404
360	100000	266	3	5.077
360	100000	266	4	8.772
360	100000	266	5	2.232
360	100000	266	6	2.598
360	100000	266	7	2.819
360	50000	127	1	1.937
360	50000	127	2	1.023
360	50000	127	3	1.198
360	50000	127	4	1.118
360	50000	127	5	1.728
360	50000	127	6	1.479
360	50000	127	7	1.526
360	10000	16	1	0.354
360	10000	16	2	0.199
360	10000	16	3	0.225
360	10000	16	4	0.244
360	10000	16	5	0.349
360	10000	16	6	0.365
360	10000	16	7	0.342
360	5000	2	1	0.065
360	5000	2	2	0.046
360	5000	2	3	0.047
360	5000	2	4	0.064
360	5000	2	5	0.083
360	5000	2	6	0.070
360	5000	2	7	0.108
720	1000000	1383	1	70.270
720	1000000	1383	2	38.178
720	1000000	1383	3	40.694
720	1000000	1383	4	36.155
720	1000000	1383	5	35.410
720	1000000	1383	6	35.893
720	1000000	1383	7	35.840
720	500000	688	1	31.217
720	500000	688	2	17.870
720	500000	688	3	18.840
720	500000	688	4	14.830
720	500000	688	5	16.505
720	500000	688	6	15.715
720	500000	688	7	15.585
720	200000	272	1	13.616
720	200000	272	2	7.721
720	200000	272	3	7.937
720	200000	272	4	7.222
720	200000	272	5	15.280
720	200000	272	6	8.278
720	200000	272	7	8.195
720	100000	133	1	5.159
720	100000	133	2	3.153
720	100000	133	3	3.397
720	100000	133	4	3.095
720	100000	133	5	3.933
720	100000	133	6	3.631
720	100000	133	7	3.588
720	50000	63	1	2.197
720	50000	63	2	1.602
720	50000	63	3	1.363
720	50000	63	4	1.420
720	50000	63	5	1.972
720	50000	63	6	1.756
720	50000	63	7	1.821
720	10000	8	1	0.552
720	10000	8	2	0.388
720	10000	8	3	0.397
720	10000	8	4	0.410
720	10000	8	5	0.428
720	10000	8	6	0.358
720	10000	8	7	0.352
720	5000	1	1	0.092
720	5000	1	2	0.046
720	5000	1	3	0.093
720	5000	1	4	0.116
720	5000	1	5	0.099
720	5000	1	6	0.097
720	5000	1	7	0.111
1800	1000000	553	1	68.365
1800	1000000	553	2	32.737
1800	1000000	553	3	38.910
1800	1000000	553	4	30.824
1800	1000000	553	5	31.963
1800	1000000	553	6	31.496
1800	1000000	553	7	30.853
1800	500000	275	1	21.438
1800	500000	275	2	11.190
1800	500000	275	3	13.480
1800	500000	275	4	10.632
1800	500000	275	5	12.810
1800	500000	275	6	12.095
1800	500000	275	7	11.667
1800	200000	108	1	10.720
1800	200000	108	2	5.837
1800	200000	108	3	6.616
1800	200000	108	4	6.079
1800	200000	108	5	7.562
1800	200000	108	6	7.038
1800	200000	108	7	6.705
1800	100000	53	1	5.484
1800	100000	53	2	2.887
1800	100000	53	3	3.378
1800	100000	53	4	2.884
1800	100000	53	5	4.409
1800	100000	53	6	3.887
1800	100000	53	7	3.683
1800	50000	25	1	2.670
1800	50000	25	2	1.434
1800	50000	25	3	1.691
1800	50000	25	4	1.590
1800	50000	25	5	2.275
1800	50000	25	6	2.064
1800	50000	25	7	1.992
1800	10000	3	1	0.377
1800	10000	3	2	0.234
1800	10000	3	3	0.327
1800	10000	3	4	0.331
1800	10000	3	5	0.356
1800	10000	3	6	0.337
1800	10000	3	7	0.359
1800	5000	0	1	0.097
1800	5000	0	2	0.115
1800	5000	0	3	0.118
1800	5000	0	4	0.264
1800	5000	0	5	0.109
1800	5000	0	6	0.125
1800	5000	0	7	0.129
3600	1000000	276	1	56.436
3600	1000000	276	2	30.399
3600	1000000	276	3	36.763
3600	1000000	276	4	28.968
3600	1000000	276	5	30.586
3600	1000000	276	6	29.791
3600	1000000	276	7	29.495
3600	500000	137	1	30.301
3600	500000	137	2	15.930
3600	500000	137	3	19.252
3600	500000	137	4	14.802
3600	500000	137	5	16.280
3600	500000	137	6	15.687
3600	500000	137	7	15.402
3600	200000	54	1	7.748
3600	200000	54	2	5.455
3600	200000	54	3	4.761
3600	200000	54	4	3.992
3600	200000	54	5	5.712
3600	200000	54	6	5.168
3600	200000	54	7	4.938
3600	100000	26	1	5.334
3600	100000	26	2	2.843
3600	100000	26	3	3.324
3600	100000	26	4	2.809
3600	100000	26	5	4.232
3600	100000	26	6	4.029
3600	100000	26	7	3.661
3600	50000	12	1	2.689
3600	50000	12	2	1.545
3600	50000	12	3	1.831
3600	50000	12	4	1.676
3600	50000	12	5	2.208
3600	50000	12	6	2.048
3600	50000	12	7	2.061
3600	10000	1	1	0.431
3600	10000	1	2	0.224
3600	10000	1	3	0.295
3600	10000	1	4	0.448
3600	10000	1	5	0.258
3600	10000	1	6	0.279
3600	10000	1	7	0.340
3600	5000	0	1	0.192
3600	5000	0	2	0.193
3600	5000	0	3	0.256
3600	5000	0	4	0.496
3600	5000	0	5	0.219
3600	5000	0	6	0.243
3600	5000	0	7	0.217
7200	1000000	138	1	55.595
7200	1000000	138	2	30.675
7200	1000000	138	3	36.274
7200	1000000	138	4	28.699
7200	1000000	138	5	30.764
7200	1000000	138	6	29.349
7200	1000000	138	7	29.554
7200	500000	68	1	28.408
7200	500000	68	2	14.714
7200	500000	68	3	17.926
7200	500000	68	4	14.288
7200	500000	68	5	15.731
7200	500000	68	6	15.364
7200	500000	68	7	15.048
7200	200000	27	1	9.050
7200	200000	27	2	4.239
7200	200000	27	3	5.326
7200	200000	27	4	4.200
7200	200000	27	5	6.031
7200	200000	27	6	5.553
7200	200000	27	7	5.221
7200	100000	13	1	5.661
7200	100000	13	2	2.942
7200	100000	13	3	3.640
7200	100000	13	4	3.124
7200	100000	13	5	4.464
7200	100000	13	6	4.146
7200	100000	13	7	3.910
7200	50000	6	1	1.966
7200	50000	6	2	1.160
7200	50000	6	3	1.124
7200	50000	6	4	1.213
7200	50000	6	5	1.385
7200	50000	6	6	1.398
7200	50000	6	7	1.547
7200	10000	0	1	0.366
7200	10000	0	2	0.405
7200	10000	0	3	0.440
7200	10000	0	4	0.813
7200	10000	0	5	0.395
7200	10000	0	6	0.409
7200	10000	0	7	0.402
7200	5000	0	1	0.374
7200	5000	0	2	0.374
7200	5000	0	3	0.463
7200	5000	0	4	0.802
7200	5000	0	5	0.406
7200	5000	0	6	0.387
7200	5000	0	7	0.406
60	1000000	16600	1	295.248
60	1000000	16600	2	171.794
60	1000000	16600	3	197.598
60	1000000	16600	4	158.574
60	1000000	16600	5	168.190
60	1000000	16600	6	160.195
60	1000000	16600	7	159.770
60	500000	8266	1	144.492
60	500000	8266	2	78.743
60	500000	8266	3	91.043
60	500000	8266	4	73.312
60	500000	8266	5	78.088
60	500000	8266	6	73.351
60	500000	8266	7	73.894
60	200000	3266	1	17.891
60	200000	3266	2	10.099
60	200000	3266	3	10.906
60	200000	3266	4	8.914
60	200000	3266	5	10.533
60	200000	3266	6	9.610
60	200000	3266	7	9.692
60	100000	1600	1	7.742
60	100000	1600	2	3.598
60	100000	1600	3	4.167
60	100000	1600	4	3.411
60	100000	1600	5	4.582
60	100000	1600	6	4.381
60	100000	1600	7	4.275
60	50000	766	1	2.377
60	50000	766	2	1.353
60	50000	766	3	1.488
60	50000	766	4	1.324
60	50000	766	5	2.002
60	50000	766	6	1.892
60	50000	766	7	1.897
60	10000	100	1	0.489
60	10000	100	2	0.269
60	10000	100	3	0.279
60	10000	100	4	0.376
60	10000	100	5	0.390
60	10000	100	6	0.350
60	10000	100	7	0.421
60	5000	16	1	0.071
60	5000	16	2	0.047
60	5000	16	3	0.049
60	5000	16	4	0.120
60	5000	16	5	0.079
60	5000	16	6	0.093
60	5000	16	7	0.089
360	1000000	2766	1	67.260
360	1000000	2766	2	36.148
360	1000000	2766	3	42.910
360	1000000	2766	4	33.447
360	1000000	2766	5	36.371
360	1000000	2766	6	34.130
360	1000000	2766	7	33.735
360	500000	1377	1	31.540
360	500000	1377	2	16.477
360	500000	1377	3	19.295
360	500000	1377	4	15.155
360	500000	1377	5	17.311
360	500000	1377	6	16.296
360	500000	1377	7	16.369
360	200000	544	1	8.694
360	200000	544	2	4.203
360	200000	544	3	5.327
360	200000	544	4	3.798
360	200000	544	5	5.456
360	200000	544	6	5.061
360	200000	544	7	4.971
360	100000	266	1	3.565
360	100000	266	2	1.919
360	100000	266	3	2.209
360	100000	266	4	2.422
360	100000	266	5	2.764
360	100000	266	6	2.623
360	100000	266	7	2.643
360	50000	127	1	1.901
360	50000	127	2	1.073
360	50000	127	3	1.199
360	50000	127	4	1.210
360	50000	127	5	1.616
360	50000	127	6	1.478
360	50000	127	7	1.544
360	10000	16	1	0.352
360	10000	16	2	0.223
360	10000	16	3	0.239
360	10000	16	4	0.337
360	10000	16	5	0.310
360	10000	16	6	0.328
360	10000	16	7	0.309
360	5000	2	1	0.065
360	5000	2	2	0.045
360	5000	2	3	0.056
360	5000	2	4	0.087
360	5000	2	5	0.080
360	5000	2	6	0.089
360	5000	2	7	0.091
720	1000000	1383	1	59.495
720	1000000	1383	2	32.644
720	1000000	1383	3	45.811
720	1000000	1383	4	31.306
720	1000000	1383	5	