1	2	4	3	5	30	0

2	3	4	3	5	30	1.000000

2	2	4	3	5	30	1.000000

1	1	4	3	5	30	1.000000

2	2	4	3	5	30	0.500000

2	2	4	3	5	30	0.500000

3	2	4	3	5	30	0.5000001	1	

2	2	4	3	5	30	0.500000	1	1	

2	2	4	3	5	30	0.500000	1	2	

2	2	4	3	5	30	0.500000	0.500000	1	1	

1	2	4	3	5	30	0.500000	0.500000	1	2	

3	2	4	3	5	30	0.500000	0.500000	1	2	

2	2	4	3	5	30	0.500000	0.500000	1	2	

1	2	4	3	5	30	0.500000	0.500000	1	2	

3	2	4	3	5	30	0.500000	0.500000	1	2	

1	2	4	3	5	30	0.700000	0.300000	1	1	

4	3	4	3	5	30	1.000000	1.000000	1	1	

4	2	4	3	5	30	1.000000	1.000000	1	1	

2	2	4	3	5	30	0.700000	0.300000	1	1	

3	2	4	3	5	30	1.000000	1.000000	1	2	

3	1	4	3	5	160	1.000000	1.000000	1	2	

3	2	4	1	90	10	30	1.000000	1.000000	1	1	

2	3	2	4	1	90	10	30	1.000000	1.000000	1	1	

1	1	3	4	1	90	10	30	1.000000	1.000000	1	1	

1	2	1	4	1	90	10	30	1.000000	1.000000	1	2	

2	1	1	4	1	90	10	30	1.000000	1.000000	1	2	

0	1	0	4	5	90	10	30	1.000000	1.000000	1	2	

1	1	1	4	1	90	10	160	1.000000	1.000000	1	2	

1	1	1	4	1	90	60	160	1.000000	1.000000	1	2	

1	1	1	4	1	3	60	160	1.000000	1.000000	1	2	

1	1	1	4	5	3	10	160	1.000000	1.000000	1	2	

2	1	2	4	5	3	10	160	1.000000	1.000000	1	2	

3	2	3	4	5	3	10	1	1.000000	1.000000	1	2	

3	2	3	4	5	3	10	1	1.000000	1.000000	1	2	

2	1	2	4	5	3	10	24	1.000000	1.000000	1	2	

1	1	1	4	5	3	10	2	1.000000	1.000000	1	2	

2	2	2	4	5	3	10	10	1.000000	1.000000	1	2	

2	3	2	4	5	3	60	10	1.000000	1.000000	1	2	

2	1	2	4	5	3	60	160	1.000000	1.000000	1	2	

0	1	0	4	1	3	60	1	1.000000	1.000000	1	2	

3	1	3	4	1	3	60	20	1.000000	1.000000	1	2	

2	2	2	4	3	3	60	20	1.000000	1.000000	1	2	

