2.3848139	565.7101496	610861.3331811	781.5761851	0.0000000	100.0000000	0.0000000	0.0000000	772.0000000	100.0000000	600.0000000	0.0000000	0.0000000	10.0000000	0.0000000	0.0000000	0.0000000	0.0000000	2.0000000	2.0000000	0.5000000	0.0000000	1444060543.0000000	
4.1986122	624.8799794	2454317.7683536	1566.6262376	0.0000000	100.0000000	0.0000000	0.0000000	772.0000000	100.0000000	600.0000000	0.0000000	0.0000000	120.0000000	0.0000000	0.0000000	0.0000000	0.0000000	2.0000000	2.0000000	0.5000000	0.0000000	1444060592.0000000	
2.6842884	213.5440876	120892.7232699	347.6963090	0.0000000	100.0000000	0.0000000	0.0000000	772.0000000	100.0000000	600.0000000	0.0000000	0.0000000	120.0000000	0.0000000	0.0000000	0.0000000	0.0000000	2.0000000	2.0000000	0.5000000	0.0000000	1444060632.0000000	
1.6157313	206.3406973	44687.0809654	211.3931904	0.0000000	100.0000000	0.0000000	0.0000000	772.0000000	100.0000000	600.0000000	0.0000000	0.0000000	10.0000000	0.0000000	0.0000000	0.0000000	0.0000000	2.0000000	2.0000000	0.5000000	0.0000000	1444061381.0000000	
7.2879915	278.1353410	790859.1424209	889.3026158	0.0000000	100.0000000	0.0000000	0.0000000	3072.0000000	100.0000000	600.0000000	0.0000000	0.0000000	10.0000000	0.0000000	0.0000000	0.0000000	0.0000000	2.0000000	2.0000000	0.5000000	0.0000000	1444061463.0000000	
8.9634121	320.9360528	1139016.4011287	1067.2471134	0.0000000	100.0000000	0.0000000	0.0000000	4968.0000000	100.0000000	600.0000000	0.0000000	0.0000000	10.0000000	0.0000000	0.0000000	0.0000000	0.0000000	2.0000000	2.0000000	0.5000000	0.0000000	1444061634.0000000	
6.1544886	704.3665970	4208386.0418816	2051.4351176	0.0000000	100.0000000	0.0000000	0.0000000	2568.0000000	100.0000000	600.0000000	0.0000000	0.0000000	10.0000000	0.0000000	0.0000000	0.0000000	0.0000000	2.0000000	2.0000000	0.5000000	0.0000000	1444061722.0000000	
8.0152426	801.6238952	7127040.8680325	2669.6518252	0.0000000	20.0000000	0.0000000	0.0000000	1152.0000000	100.0000000	600.0000000	0.0000000	0.0000000	10.0000000	0.0000000	0.0000000	0.0000000	0.0000000	2.0000000	2.0000000	0.5000000	0.0000000	1444061775.0000000	
6.4972589	730.0403628	5213029.6332466	2283.2059989	0.0000000	20.0000000	0.0000000	0.0000000	1152.0000000	100.0000000	600.0000000	0.0000000	0.0000000	10.0000000	0.0000000	0.0000000	0.0000000	0.0000000	2.0000000	2.0000000	0.5000000	0.0000000	1444061861.0000000	
5.8443110	421.4467530	1673261.9610111	1293.5462732	0.0000000	20.0000000	0.0000000	0.0000000	1152.0000000	100.0000000	600.0000000	0.0000000	0.0000000	10.0000000	0.0000000	0.0000000	0.0000000	0.0000000	2.0000000	2.0000000	0.5000000	0.0000000	1444061952.0000000	
8.0831117	510.5418472	3078033.8796149	1754.4326375	0.0000000	20.0000000	0.0000000	0.0000000	1152.0000000	100.0000000	600.0000000	0.0000000	0.0000000	10.0000000	0.0000000	0.0000000	0.0000000	0.0000000	0.0000000	2.0000000	0.5000000	0.0000000	1444061975.0000000	
5.6016804	398.3890810	1026594.3453641	1013.2099217	0.0000000	20.0000000	0.0000000	0.0000000	1152.0000000	100.0000000	600.0000000	0.0000000	0.0000000	10.0000000	0.0000000	0.0000000	0.0000000	0.0000000	5.0000000	2.0000000	0.5000000	0.0000000	1444062017.0000000	
5.0331082	379.5850973	1089832.1562135	1043.9502652	0.0000000	100.0000000	0.0000000	0.0000000	3072.0000000	100.0000000	600.0000000	0.0000000	0.0000000	10.0000000	0.0000000	0.0000000	0.0000000	0.0000000	5.0000000	2.0000000	0.5000000	0.0000000	1444062042.0000000	
4.4009950	367.4003181	831437.1793742	911.8317714	0.0000000	100.0000000	0.0000000	0.0000000	3072.0000000	100.0000000	600.0000000	0.0000000	0.0000000	120.0000000	0.0000000	0.0000000	0.0000000	0.0000000	5.0000000	2.0000000	0.5000000	0.0000000	1444062059.0000000	
4.1204111	615.4732801	1812571.2016244	1346.3176451	0.0000000	100.0000000	0.0000000	0.0000000	3072.0000000	100.0000000	600.0000000	0.0000000	0.0000000	10.0000000	0.0000000	0.0000000	0.0000000	0.0000000	5.0000000	2.0000000	0.8000000	0.0000000	1444062247.0000000	
5.0362753	652.7393061	2704909.2230758	1644.6608231	0.0000000	100.0000000	0.0000000	0.0000000	3072.0000000	100.0000000	600.0000000	0.0000000	0.0000000	10.0000000	0.0000000	0.0000000	0.0000000	0.0000000	0.0000000	2.0000000	0.8000000	0.0000000	1444062265.0000000	
4.4309594	631.9688471	2315624.4068558	1521.7175845	0.0000000	100.0000000	0.0000000	0.0000000	3072.0000000	100.0000000	600.0000000	0.0000000	0.0000000	10.0000000	0.0000000	0.0000000	0.0000000	0.0000000	0.0000000	2.0000000	0.8000000	0.0000000	1444062291.0000000	
3.5713983	61.7952959	18174.7125096	134.8136214	0.0000000	100.0000000	0.0000000	0.0000000	3072.0000000	100.0000000	600.0000000	0.0000000	0.0000000	120.0000000	0.0000000	0.0000000	0.0000000	0.0000000	5.0000000	2.0000000	0.5000000	0.0000000	1444062204.0000000	
3.5838419	598.9098948	1426781.1994242	1194.4794680	0.0000000	100.0000000	0.0000000	0.0000000	3072.0000000	100.0000000	600.0000000	0.0000000	0.0000000	10.0000000	0.0000000	0.0000000	0.0000000	0.0000000	5.0000000	2.0000000	0.8000000	0.0000000	1444062315.0000000	
3.5979390	599.4728333	1441240.3903676	1200.5167181	0.0000000	100.0000000	0.0000000	0.0000000	3072.0000000	100.0000000	600.0000000	0.0000000	0.0000000	10.0000000	0.0000000	0.0000000	0.0000000	0.0000000	5.0000000	2.0000000	0.8000000	0.0000000	1444062350.0000000	
6.0706818	402.5031364	1451627.4640618	1204.8350360	0.0000000	100.0000000	0.0000000	0.0000000	3072.0000000	100.0000000	600.0000000	0.0000000	0.0000000	10.0000000	0.0000000	0.0000000	0.0000000	0.0000000	5.0000000	2.0000000	1.0000000	0.0000000	1444062378.0000000	
3.6683200	218.7355475	208954.4783991	457.1153885	0.0000000	100.0000000	0.0000000	0.0000000	3072.0000000	100.0000000	600.0000000	0.0000000	0.0000000	10.0000000	0.0000000	0.0000000	0.0000000	0.0000000	5.0000000	2.0000000	1.0000000	0.0000000	1444062410.0000000	
4.6398475	229.2677752	314832.3341792	561.0992195	0.0000000	100.0000000	0.0000000	0.0000000	3072.0000000	100.0000000	600.0000000	0.0000000	0.0000000	10.0000000	0.0000000	0.0000000	0.0000000	0.0000000	5.0000000	2.0000000	1.0000000	0.0000000	1444750648.0000000	
4.0753405	611.7521821	1736281.2393453	1317.6802493	0.0000000	100.0000000	0.0000000	0.0000000	3072.0000000	100.0000000	600.0000000	0.0000000	0.0000000	10.0000000	0.0000000	0.0000000	0.0000000	0.0000000	5.0000000	2.0000000	1.0000000	0.0000000	1444751000.0000000	
8.7149025	896.7238963	9025131.8647619	3004.1857241	0.0000000	100.0000000	0.0000000	0.0000000	3072.0000000	100.0000000	600.0000000	0.0000000	0.0000000	10.0000000	0.0000000	0.0000000	0.0000000	0.0000000	0.0000000	2.0000000	1.0000000	0.0000000	1444751017.0000000	
3.5382355	598.2097144	1394102.8391783	1180.7213216	0.0000000	100.0000000	0.0000000	0.0000000	3072.0000000	100.0000000	600.0000000	0.0000000	0.0000000	10.0000000	0.0000000	0.0000000	0.0000000	0.0000000	5.0000000	2.0000000	1.0000000	0.0000000	1444751044.0000000	
2.9187306	114.7513938	38447.8710907	196.0812869	0.0000000	100.0000000	0.0000000	0.0000000	3072.0000000	100.0000000	600.0000000	0.0000000	0.0000000	180.0000000	0.0000000	0.0000000	0.0000000	0.0000000	5.0000000	2.0000000	1.0000000	0.0000000	1444751254.0000000	
