149.1577381	155.7000000
142.9547070	157.2000000
140.5129159	154.2000000
135.6718576	142.5000000
127.1013027	129.6000000
117.6863757	124.5000000
111.9940830	120.0000000
115.6984806	116.4000000
118.4319260	150.9000000
145.4137635	198.9000000
180.0723728	190.8000000
184.1624848	194.4000000
186.5407991	199.5000000
191.0840200	203.4000000
191.6011728	177.3000000
178.6508897	182.1000000
179.6089780	155.1000000
154.9074905	165.6000000
155.2016279	135.9000000
135.7602438	132.3000000
135.9331543	153.0000000
148.2061957	143.1000000
147.9449286	147.3000000
149.2100581	142.2000000
146.6988017	150.9000000
149.8082512	131.1000000
137.5071670	128.4000000
131.2803231	111.9000000
118.5688940	111.9000000
114.8204119	104.4000000
108.8450836	100.8000000
112.0237320	109.2000000
127.2585103	128.7000000
143.4253058	167.4000000
169.9565031	180.6000000
181.3581198	178.5000000
183.9280102	186.0000000
184.1283176	187.2000000
184.4280052	194.1000000
181.7803889	198.9000000
185.0417857	210.0000000
184.8037988	191.1000000
173.5223933	143.4000000
147.9834310	153.9000000
148.5867581	163.5000000
154.6667524	215.1000000
181.8864851	169.8000000
163.8596975	145.5000000
145.5871714	125.4000000
130.0099329	116.7000000
118.0713563	105.9000000
109.4098508	96.3000000
100.3908037	96.3000000
97.8751384	84.6000000
91.9620330	85.8000000
95.6463951	86.4000000
104.9910487	130.8000000
135.9352027	120.9000000
138.2222990	127.8000000
144.7856787	138.9000000
151.6445447	142.5000000
156.6245749	145.2000000
160.3621435	151.2000000
166.8616697	168.0000000
174.2730448	161.7000000
163.1748367	154.5000000
155.8475192	113.1000000
131.6111693	123.9000000
144.7679767	122.7000000
140.4889423	139.5000000
145.7457896	153.3000000
145.0649940	145.8000000
137.4794581	139.8000000
129.7979580	148.2000000
130.1786796	134.1000000
121.4712366	128.1000000
114.4155412	121.2000000
108.9707625	104.7000000
98.7066519	105.3000000
105.7349204	100.8000000
104.6942977	147.0000000
133.0935099	161.1000000
146.0139632	170.4000000
155.7332290	172.8000000
159.9379936	175.8000000
163.7088548	151.5000000
154.8950711	165.0000000
160.8753701	156.0000000
156.0382371	156.6000000
147.3712256	144.0000000
138.4502680	119.7000000
121.6841498	131.4000000
129.3274774	123.0000000
128.8565205	131.1000000
133.9975156	148.2000000
142.9302642	147.0000000
144.4561151	156.0000000
147.2835468	144.9000000
140.5785797	143.1000000
136.0621625	142.2000000
131.0186400	128.4000000
121.7229976	135.3000000
122.1330642	132.9000000
128.9425353	107.1000000
121.2146683	127.8000000
136.6488057	172.8000000
163.8728186	194.4000000
181.2294691	200.7000000
183.9313132	170.7000000
169.8802403	166.2000000
162.6838013	200.7000000
180.2315012	190.8000000
174.6969542	171.6000000
159.3666092	170.7000000
155.9980079	113.7000000
122.3542429	133.8000000
130.1654853	133.2000000
132.7764769	138.0000000
137.7473169	132.6000000
138.2139113	118.2000000
128.8819615	133.2000000
135.0450725	118.8000000
126.9356949	123.3000000
125.8492548	119.7000000
123.9165039	112.2000000
118.7280193	104.1000000
109.2660720	110.1000000
113.0078850	93.0000000
111.8793599	119.1000000
133.9569598	144.9000000
155.8548906	172.5000000
170.4526343	181.5000000
175.5594361	178.2000000
178.7910986	158.7000000
169.0918955	168.3000000
171.0020807	165.3000000
167.2016264	176.1000000
160.9840182	161.1000000
152.6727663	118.5000000
125.8505585	120.9000000
125.6724187	125.1000000
126.1096178	142.5000000
133.1316968	131.7000000
130.0622278	129.3000000
125.8410632	121.5000000
122.0744243	108.6000000
113.0064391	99.0000000
105.2774674	102.3000000
103.4135922	95.4000000
99.4750203	81.6000000
88.3178779	83.1000000
91.5255195	86.7000000
98.5549466	111.0000000
121.1524525	146.1000000
148.0463526	196.2000000
180.8592745	162.0000000
164.8457744	177.0000000
171.4404364	144.0000000
152.6764926	143.7000000
152.7715205	158.4000000
157.4366189	154.2000000
148.3530185	162.9000000
148.8235057	122.4000000
125.2435084	93.9000000
110.7729302	111.3000000
116.1748887	114.6000000
118.5314470	139.8000000
130.3015002	131.4000000
124.7513662	133.2000000
122.4302272	120.0000000
114.0461477	119.7000000
111.0493072	113.4000000
104.4321537	111.9000000
101.7471907	93.3000000
91.1155279	90.9000000
93.0203227	93.3000000
102.2922530	105.3000000
122.7826639	156.0000000
151.5791331	163.8000000
164.3735450	183.6000000
169.5424965	177.3000000
166.5794969	170.7000000
163.1564928	159.0000000
156.6366208	166.2000000
161.7542003	165.9000000
154.7815947	155.4000000
141.6048720	113.4000000
115.8175079	112.8000000
111.3975219	122.1000000
121.2287188	124.2000000
123.8932542	124.2000000
126.1259036	124.2000000
123.2264521	132.0000000
126.3322836	120.0000000
118.3724760	128.4000000
121.2271492	126.0000000
116.2698470	125.7000000
114.0455783	105.9000000
102.1779621	86.4000000
92.2953396	92.1000000
103.5300233	122.7000000
126.1211962	149.4000000
151.5080848	173.4000000
168.6585749	147.6000000
157.7010160	144.0000000
151.2000220	168.0000000
162.6983090	151.8000000
155.5204603	167.7000000
162.0785595	170.4000000
155.7821812	166.2000000
149.8756928	133.5000000
130.3725635	128.1000000
125.6972277	153.0000000
138.4516015	147.9000000
137.7691384	131.1000000
130.5922513	134.1000000
129.1352965	121.5000000
123.3226269	107.1000000
113.9690985	116.1000000
117.6335237	108.6000000
110.0713283	98.4000000
99.1135162	95.1000000
94.0350307	77.1000000
88.3067453	80.4000000
96.3585927	102.6000000
116.7875311	113.4000000
123.9434201	161.4000000
150.3823440	155.1000000
153.2828965	141.9000000
145.9919363	152.7000000
153.9980287	144.3000000
150.4221306	134.7000000
145.8347152	159.3000000
151.7725096	130.8000000
134.3884856	102.9000000
119.2926293	117.0000000
124.2664647	127.5000000
128.6913664	152.1000000
141.8226654	128.7000000
128.3639258	135.6000000
127.4602920	134.7000000
126.1968630	117.6000000
115.4453520	126.6000000
117.0274373	117.3000000
110.2497669	106.8000000
99.7249913	101.7000000
94.6507008	95.4000000
93.3994226	111.9000000
105.5627318	160.5000000
144.0889630	165.9000000
155.1255831	179.7000000
165.5824694	172.2000000
163.2903527	143.7000000
146.1223087	171.0000000
156.5271987	160.2000000
155.1728592	166.8000000
154.7269366	157.5000000
144.6106733	141.3000000
133.3371103	98.7000000
109.7931712	105.9000000
116.1049983	130.5000000
127.0453645	128.4000000
129.5383387	123.0000000
125.7773980	133.5000000
128.1659786	124.2000000
124.1126480	131.7000000
125.3031969	117.6000000
116.2407576	113.4000000
110.4130132	104.7000000
102.5762623	99.3000000
100.9700292	91.8000000
105.8311003	93.3000000
112.1919329	102.0000000
123.7041123	146.7000000
148.5032084	165.3000000
157.6941910	178.2000000
169.5410512	183.9000000
172.1841245	167.4000000
166.8148875	170.4000000
165.2175653	136.8000000
143.8363752	158.7000000
142.9851665	139.5000000
129.9869318	115.8000000
118.0680077	140.4000000
130.8567398	118.2000000
121.1632366	145.5000000
135.9351990	153.6000000
140.5320006	130.5000000
131.2131230	127.2000000
125.1230809	111.3000000
114.3112490	107.1000000
107.5954387	102.6000000
102.2903502	111.3000000
103.8608468	93.0000000
93.8939652	87.9000000
91.0600551	87.9000000
98.9142176	123.6000000
125.6164396	160.8000000
155.8828945	168.3000000
167.6655939	177.0000000
172.7249264	189.3000000
179.8694439	163.5000000
160.2080234	180.6000000
169.0233619	184.8000000
167.4432068	183.3000000
163.4713039	158.7000000
151.2795033	122.7000000
126.0465351	109.2000000
120.2687881	121.2000000
126.3837533	138.0000000
134.5594307	152.4000000
142.1413406	138.3000000
131.3365329	117.6000000
117.3406662	111.6000000
109.5203167	138.9000000
123.7130609	138.6000000
122.6805121	144.6000000
124.9638626	122.7000000
111.8426109	124.5000000
117.2419008	125.7000000
126.9480468	147.3000000
146.0547965	164.1000000
162.0551602	172.5000000
172.1349444	167.7000000
167.8935239	151.5000000
161.1747905	164.4000000
166.5132063	160.8000000
166.6697224	171.9000000
168.4402431	167.1000000
158.0448680	168.9000000
151.4718950	121.2000000
124.1801171	100.5000000
112.1892048	115.2000000
121.7883586	132.0000000
131.3120361	135.9000000
131.4981032	133.5000000
127.0739674	130.2000000
128.0410181	134.7000000
131.8381292	112.2000000
123.4556487	128.4000000
126.8521554	126.3000000
125.3698498	113.4000000
117.3871288	106.8000000
116.9862966	106.8000000
120.8502543	154.5000000
150.6898908	170.1000000
164.1551853	187.2000000
173.3828469	157.2000000
159.9495563	170.1000000
163.9823514	175.5000000
169.7172049	173.1000000
169.1234709	207.6000000
188.3147110	213.3000000
185.1579657	190.2000000
166.9047733	130.2000000
130.2717576	120.6000000
122.0625788	125.4000000
125.1759440	141.9000000
135.3037006	120.9000000
125.1063599	120.9000000
124.3193593	121.5000000
119.9864999	130.8000000
126.5340680	126.3000000
123.9715248	147.3000000
133.8916177	146.4000000
132.5752094	138.9000000
127.5522939	124.8000000
127.4626135	156.9000000
149.9390271	147.6000000
155.4558184	188.7000000
174.8508648	182.1000000
175.7300896	184.5000000
177.3342362	169.2000000
170.2649237	162.6000000
172.0898238	183.6000000
185.9534409	169.8000000
179.2824379	192.3000000
178.4210041	225.6000000
188.9700978	189.0000000
168.0476655	131.1000000
137.9551364	147.0000000
138.3489833	165.0000000
146.9699075	124.8000000
126.0065007	143.1000000
134.7295427	129.9000000
127.9614913	172.8000000
154.5503267	141.0000000
141.8791409	126.9000000
133.4398127	114.0000000
121.1100956	109.5000000
121.3147512	91.2000000
110.4325301	114.6000000
130.5957770	123.3000000
138.0690532	143.4000000
153.4432588	162.0000000
162.1842337	156.6000000
159.1910283	147.6000000
156.6705915	157.2000000
159.5068266	162.3000000
167.4218170	146.1000000
166.3366011	165.3000000
173.2490840	131.4000000
145.4663163	111.3000000
127.7325096	116.7000000
127.6356739	143.4000000
137.1153782	167.4000000
153.8144224	166.2000000
151.7874843	211.8000000
185.0022454	195.6000000
176.6358204	212.4000000
184.0762661	188.7000000
166.2371941	183.0000000
158.7680333	165.9000000
143.7141694	145.8000000
133.8242343	137.7000000
129.2562328	106.2000000
117.4458558	150.3000000
143.8920442	162.0000000
154.9060898	156.6000000
153.8153052	184.5000000
169.0905044	136.5000000
146.7300817	153.6000000
151.1196355	142.8000000
147.7749980	152.1000000
146.5038913	118.8000000
124.3167858	135.0000000
127.0569488	135.9000000
131.4652273	103.8000000
121.9234400	119.1000000
131.3727639	134.7000000
150.1774744	143.4000000
157.1552058	122.7000000
152.9520669	126.0000000
149.0475285	135.3000000
151.9365684	133.8000000
146.4957195	132.6000000
140.4756794	132.9000000
135.9435962	100.8000000
110.7516389	99.3000000
112.0572569	125.1000000
127.8344326	160.8000000
152.4548198	177.0000000
170.4755154	207.6000000
182.3422207	187.2000000
175.9914878	177.0000000
165.3932159	178.2000000
166.7312055	194.4000000
168.9281666	186.6000000
167.1591966	199.2000000
172.5738464	198.9000000
168.6964946	150.0000000
143.2875230	131.4000000
130.8650097	117.9000000
124.6553924	130.2000000
127.6996825	129.9000000
127.7269420	124.8000000
125.5954221	138.9000000
133.5023558	142.2000000
136.7385528	141.9000000
137.1197333	143.4000000
132.1065839	139.2000000
127.0175513	117.9000000
117.3633032	115.8000000
122.7779950	121.5000000
132.9497859	179.1000000
173.8155775	194.7000000
187.1902552	213.9000000
199.5676672	238.8000000
212.5671620	215.4000000
204.9973443	193.5000000
192.2559455	210.3000000
201.5939113	230.4000000
213.3646594	247.2000000
216.6808447	207.3000000
190.0676436	152.7000000
150.1776709	145.8000000
140.3486993	155.4000000
143.0100125	161.7000000
146.9735612	135.0000000
135.7033888	140.7000000
138.0722815	148.2000000
143.1071501	158.7000000
149.9933429	152.1000000
146.9367705	153.0000000
143.0978291	155.7000000
141.9160032	142.2000000
134.0956872	137.4000000
141.2486263	148.8000000
154.5327197	174.6000000
178.5883615	213.9000000
209.3426760	255.6000000
234.9567477	222.3000000
218.0253690	220.5000000
215.0809522	225.0000000
219.4198954	244.8000000
236.3581520	221.1000000
221.3117769	225.3000000
210.4759192	250.5000000
214.4305245	182.4000000
177.0487748	158.7000000
161.7161022	179.4000000
164.3336351	190.8000000
170.7167736	204.3000000
179.1307335	168.0000000
164.2711145	155.4000000
155.2783169	167.4000000
159.9991071	163.8000000
158.6748335	190.5000000
170.8757173	163.8000000
157.0007679	142.2000000
144.7222202	141.6000000
146.9281169	155.4000000
163.7644759	176.4000000
189.0631329	216.0000000
212.8757085	219.3000000
218.9165824	226.8000000
222.3383836	242.1000000
235.0552135	230.7000000
228.0715610	245.1000000
235.8081984	243.3000000
238.7083231	273.0000000
244.8241292	239.1000000
221.2977493	203.4000000
196.6553055	155.1000000
168.7974392	171.9000000
177.7752946	164.7000000
169.1756807	166.5000000
165.8872029	166.8000000
164.0903343	149.1000000
154.1409531	153.3000000
160.4182794	154.5000000
157.9142453	143.7000000
148.4505086	163.8000000
154.2369602	166.5000000
157.6408344	138.3000000
148.3865675	157.2000000
166.3102270	184.5000000
187.0412407	206.1000000
206.2619960	221.4000000
220.7864335	208.8000000
215.7828361	202.8000000
215.0621193	204.0000000
214.6935078	188.4000000
212.7521922	198.0000000
212.7673617	226.8000000
221.5632066	191.4000000
190.8887310	159.6000000
168.1161919	165.6000000
163.6347793	186.6000000
175.3796562	198.0000000
182.9644450	151.5000000
156.8191084	160.2000000
157.2549043	146.4000000
148.2708678	151.5000000
148.5974455	149.4000000
150.2845093	156.0000000
155.0456650	151.2000000
149.7683043	152.1000000
151.4190385	140.4000000
149.2533104	136.2000000
153.8379252	152.7000000
168.6936039	157.2000000
173.0537510	185.4000000
188.0723249	219.0000000
207.1184303	199.2000000
197.0301466	201.3000000
198.1247669	191.1000000
197.0666377	198.6000000
197.0172430	168.9000000
175.2141737	168.9000000
168.5088217	168.0000000
168.7229133	127.5000000
151.5267509	147.0000000
152.7364282	168.0000000
162.8955695	147.0000000
148.4110276	140.1000000
144.2354452	140.4000000
141.9866007	153.9000000
150.4358066	146.1000000
146.9052305	154.8000000
151.6230764	140.1000000
141.8057632	132.3000000
135.0018474	99.9000000
118.4091274	110.1000000
122.7400172	169.5000000
161.0096583	188.7000000
185.2193257	171.3000000
180.9139896	192.0000000
192.6250549	167.7000000
177.6121942	176.1000000
181.4045594	234.9000000
207.0167286	234.0000000
209.8361008	206.7000000
194.5081315	174.3000000
167.4654187	154.2000000
153.3910353	148.5000000
149.8565668	129.3000000
137.9949190	126.3000000
133.4361041	115.5000000
124.5232482	128.4000000
132.2888443	143.1000000
140.6033507	135.6000000
140.3072624	135.6000000
137.5584056	137.4000000
136.3190001	140.1000000
130.1336117	142.5000000
130.1829267	124.5000000
129.9341316	138.6000000
145.2454753	150.9000000
155.6789674	169.5000000
170.9847101	182.4000000
175.4973302	202.5000000
189.0643587	191.1000000
194.4950384	183.6000000
195.6105888	192.9000000
199.3852840	185.1000000
187.5832079	212.1000000
193.0128379	202.8000000
184.7489472	169.2000000
161.3183574	148.2000000
144.4446015	169.2000000
149.0353949	173.7000000
153.7607469	156.6000000
148.5769322	151.5000000
145.4628705	141.6000000
139.8301750	138.3000000
136.7766822	147.0000000
141.4886907	143.1000000
140.8441088	148.5000000
140.7531463	129.3000000
132.1622251	119.7000000
127.5195395	109.2000000
126.0886158	155.7000000
154.5497025	207.9000000
192.0064224	189.9000000
188.9354435	197.7000000
192.6568746	212.1000000
200.5018219	186.0000000
186.7613580	186.6000000
190.4224943	204.3000000
198.9048414	196.8000000
191.7814201	167.4000000
168.7186305	164.7000000
163.9362874	174.3000000
168.7063634	174.3000000
168.5109037	198.9000000
179.9497522	192.0000000
174.6579236	169.5000000
161.0791191	174.3000000
162.0284000	168.3000000
158.2532312	183.0000000
167.1311361	141.6000000
142.7253190	144.0000000
138.1852011	146.7000000
134.2092516	134.4000000
134.7003717	134.7000000
146.4049860	201.3000000
186.3032344	177.9000000
183.5818746	179.4000000
186.3602377	186.3000000
186.3947206	187.5000000
186.8593379	179.1000000
183.8040465	164.4000000
175.4960780	169.5000000
172.1866593	145.8000000
156.0995434	138.3000000
149.4609316	133.5000000
146.0794122	137.4000000
152.7948733	151.8000000
161.4264762	162.9000000
165.9912793	170.7000000
169.9679680	160.5000000
151.3554813	155.7000000
144.7037784	157.2000000
141.7640286	154.2000000
136.4251856	142.5000000
127.4653941	129.6000000
118.2580283	124.5000000
112.1693609	120.0000000
117.8419093	116.4000000
121.1074750	150.9000000
149.4459088	198.9000000
184.8671127	190.8000000
188.7109349	194.4000000
190.6119921	199.5000000
195.8736936	203.4000000
195.9809268	177.3000000
182.8811655	182.1000000
184.5267712	155.1000000
156.9240309	165.6000000
157.1535317	135.9000000
138.2370171	132.3000000
139.3433367	153.0000000
151.8760427	143.1000000
152.0810156	147.3000000
152.7421471	142.2000000
150.3995707	150.9000000
153.4169702	131.1000000
140.6258174	128.4000000
133.3084908	111.9000000
121.1973141	111.9000000
117.0133060	104.4000000
110.7986973	100.8000000
115.2943091	109.2000000
132.9377603	128.7000000
149.1295696	167.4000000
175.2453627	180.6000000
187.0794269	178.5000000
189.9092474	186.0000000
188.6171877	187.2000000
188.9416744	194.1000000
184.9463570	198.9000000
188.8538743	210.0000000
187.5635621	191.1000000
175.9858198	143.4000000
151.2090642	153.9000000
151.5351716	163.5000000
157.9066969	215.1000000
184.7987305	169.8000000
167.1857016	145.5000000
147.7766647	125.4000000
132.1808765	116.7000000
119.5090265	105.9000000
110.8446865	96.3000000
101.9039681	96.3000000
99.0733723	84.6000000
93.0463528	85.8000000
98.0436701	86.4000000
109.3070585	130.8000000
141.0123328	120.9000000
143.2051697	127.8000000
149.9325343	138.9000000
156.8753040	142.5000000
162.3316198	145.2000000
165.8411307	151.2000000
173.1080541	168.0000000
179.3461280	161.7000000
166.1102549	154.5000000
159.0557569	113.1000000
135.8191652	123.9000000
151.3451629	122.7000000
144.7209029	139.5000000
148.7995238	153.3000000
147.0802728	145.8000000
139.1215837	139.8000000
130.9871754	148.2000000
130.8699313	134.1000000
122.0797891	128.1000000
114.7370747	121.2000000
109.4628666	104.7000000
99.2014090	105.3000000
108.0431847	100.8000000
107.0388352	147.0000000
135.4432565	161.1000000
148.9308239	170.4000000
158.8260349	172.8000000
163.1787080	175.8000000
167.1144254	151.5000000
158.9466260	165.0000000
164.6460621	156.0000000
159.3065304	156.6000000
148.5688361	144.0000000
139.9557013	119.7000000
123.2797074	131.4000000
132.1680679	123.0000000
132.4797846	131.1000000
137.3843367	148.2000000
146.0124284	147.0000000
147.3935021	156.0000000
149.8722806	144.9000000
142.5904093	143.1000000
137.5950017	142.2000000
131.7477493	128.4000000
122.5878716	135.3000000
122.4109302	132.9000000
131.7497852	107.1000000
125.1740641	127.8000000
141.3436237	172.8000000
168.4275168	194.4000000
186.1949070	200.7000000
187.0593861	170.7000000
173.7400547	166.2000000
166.0142320	200.7000000
183.6825131	190.8000000
177.2062126	171.6000000
160.7206848	170.7000000
158.0660099	113.7000000
124.2115492	133.8000000
132.3129457	133.2000000
135.7911621	138.0000000
140.7667102	132.6000000
141.7344303	118.2000000
131.7660332	133.2000000
137.7811466	118.8000000
129.6347227	123.3000000
127.7558225	119.7000000
126.2436421	112.2000000
120.9091221	104.1000000
110.1487763	110.1000000
115.2886428	93.0000000
116.6414106	119.1000000
139.6935293	144.9000000
161.9613857	172.5000000
174.7932618	181.5000000
179.4017142	178.2000000
184.8669491	158.7000000
174.6913754	168.3000000
175.9975265	165.3000000
171.1002238	176.1000000
162.0348162	161.1000000
154.8539999	118.5000000
128.3935621	120.9000000
128.2858963	125.1000000
128.2370662	142.5000000
134.5425813	131.7000000
132.2526756	129.3000000
127.3232683	121.5000000
123.7586002	108.6000000
114.6464074	99.0000000
106.4063547	102.3000000
104.1300375	95.4000000
100.4831822	81.6000000
89.1462738	83.1000000
93.7798008	86.7000000
102.0419793	111.0000000
125.7355485	146.1000000
152.8437458	196.2000000
185.1612899	162.0000000
168.2708241	177.0000000
175.6386504	144.0000000
156.8374668	143.7000000
157.1821780	158.4000000
161.3977928	154.2000000
150.2952957	162.9000000
150.3524819	122.4000000
127.2317303	93.9000000
113.6248844	111.3000000
118.5177206	114.6000000
120.7783099	139.8000000
132.1241457	131.4000000
126.1470923	133.2000000
123.2930658	120.0000000
115.0848558	119.7000000
111.6209265	113.4000000
104.3232125	111.9000000
101.4358712	93.3000000
90.9861922	90.9000000
94.5384704	93.3000000
105.2711604	105.3000000
128.3870101	156.0000000
155.5345459	163.8000000
168.7427525	183.6000000
172.5715796	177.3000000
169.4790214	170.7000000
166.6867240	159.0000000
159.9338012	166.2000000
165.0322487	165.9000000
156.3695706	155.4000000
141.7936639	113.4000000
116.8497766	112.8000000
112.9612052	122.1000000
124.0327882	124.2000000
126.4764994	124.2000000
128.5024111	124.2000000
124.9949030	132.0000000
128.0681449	120.0000000
119.9082214	128.4000000
122.6811117	126.0000000
116.5529195	125.7000000
114.4779899	105.9000000
102.3254527	86.4000000
93.4740931	92.1000000
106.9610666	122.7000000
130.4511620	149.4000000
156.7733133	173.4000000
173.3079868	147.6000000
161.7619334	144.0000000
154.8891520	168.0000000
166.7425242	151.8000000
159.3983622	167.7000000
165.2340039	170.4000000
156.8820400	166.2000000
150.6623924	133.5000000
131.8563725	128.1000000
127.5732535	153.0000000
140.0728447	147.9000000
139.4104790	131.1000000
132.8341205	134.1000000
130.8121896	121.5000000
125.6124288	107.1000000
116.1559457	116.1000000
119.6254054	108.6000000
110.9241558	98.4000000
98.9949221	95.1000000
94.3280030	77.1000000
89.9185086	80.4000000
99.4223933	102.6000000
121.5808192	113.4000000
127.4396340	161.4000000
153.5990035	155.1000000
157.6404554	141.9000000
149.5887356	152.7000000
158.3935354	144.3000000
154.9705717	134.7000000
149.5389915	159.3000000
154.0691115	130.8000000
135.9560785	102.9000000
122.6542257	117.0000000
127.3256484	127.5000000
130.8246376	152.1000000
144.2093465	128.7000000
130.0541167	135.6000000
128.3706552	134.7000000
127.7834876	117.6000000
116.6648473	126.6000000
117.6742031	117.3000000
110.4811708	106.8000000
99.4317914	101.7000000
94.7476996	95.4000000
94.4764885	111.9000000
107.6284705	160.5000000
148.1994625	165.9000000
158.9256285	179.7000000
168.2472646	172.2000000
166.5179667	143.7000000
149.1370238	171.0000000
158.8142584	160.2000000
158.6897161	166.8000000
156.8780748	157.5000000
144.8960797	141.3000000
134.5657712	98.7000000
111.8268107	105.9000000
119.5178786	130.5000000
129.1103280	128.4000000
132.0718683	123.0000000
128.2720595	133.5000000
129.8649549	124.2000000
126.3421453	131.7000000
127.0720521	117.6000000
117.4963785	113.4000000
111.4057072	104.7000000
103.2097872	99.3000000
102.1620521	91.8000000
109.9966710	93.3000000
116.3821683	102.0000000
128.5190816	146.7000000
152.9403008	165.3000000
160.6262408	178.2000000
173.8865339	183.9000000
176.1081658	167.4000000
170.9496399	170.4000000
168.6149717	136.8000000
146.6015581	158.7000000
143.7840293	139.5000000
131.0508348	115.8000000
120.4386859	140.4000000
132.8665110	118.2000000
122.9491636	145.5000000
138.2885277	153.6000000
142.6246202	130.5000000
133.7381307	127.2000000
126.8887226	111.3000000
115.7969158	107.1000000
108.3645190	102.6000000
103.0444968	111.3000000
104.5678929	93.0000000
94.5259683	87.9000000
91.8479881	87.9000000
102.2783959	123.6000000
129.5985043	160.8000000
160.7512716	168.3000000
173.0232620	177.0000000
176.9209080	189.3000000
184.5384485	163.5000000
163.1713898	180.6000000
173.0855122	184.8000000
170.4284668	183.3000000
164.8901216	158.7000000
153.9108612	122.7000000
127.6626868	109.2000000
123.5085319	121.2000000
129.7036306	138.0000000
136.7809000	152.4000000
144.3113395	138.3000000
132.3829846	117.6000000
118.1723780	111.6000000
110.1855330	138.9000000
124.9681199	138.6000000
122.8654504	144.6000000
124.9162011	122.7000000
111.7448132	124.5000000
119.3070069	125.7000000
131.3431371	147.3000000
149.9573188	164.1000000
166.7307821	172.5000000
177.3910790	167.7000000
171.8858831	151.5000000
166.0990640	164.4000000
171.8791072	160.8000000
171.7764640	171.9000000
172.0906828	167.1000000
159.6180714	168.9000000
152.6105749	121.2000000
125.8382646	100.5000000
114.8200292	115.2000000
125.2413705	132.0000000
133.9393347	135.9000000
133.0493139	133.5000000
128.5043980	130.2000000
130.7383210	134.7000000
134.3356408	112.2000000
126.1297627	128.4000000
128.3957970	126.3000000
127.1814481	113.4000000
119.3086866	106.8000000
119.8418019	106.8000000
124.7998463	154.5000000
155.1312810	170.1000000
168.3870176	187.2000000
176.9753842	157.2000000
164.1565309	170.1000000
167.9085318	175.5000000
174.5006905	173.1000000
173.0347418	207.6000000
192.3385749	213.3000000
186.8730371	190.2000000
167.4006329	130.2000000
131.6972516	120.6000000
124.3647345	125.4000000
127.8086511	141.9000000
137.6189892	120.9000000
127.6597396	120.9000000
126.6846754	121.5000000
121.2311183	130.8000000
128.4713077	126.3000000
125.8598738	147.3000000
135.1526209	146.4000000
133.4891097	138.9000000
128.8671858	124.8000000
130.9447660	156.9000000
154.2555567	147.6000000
160.6758095	188.7000000
178.7664087	182.1000000
180.3465578	184.5000000
182.1357859	169.2000000
174.7406290	162.6000000
178.6428011	183.6000000
192.4342270	169.8000000
184.3357463	192.3000000
180.3597437	225.6000000
190.3868335	189.0000000
170.0194747	131.1000000
140.5373631	147.0000000
140.2880441	165.0000000
148.8931035	124.8000000
127.8331543	143.1000000
137.0677146	129.9000000
129.9077939	172.8000000
157.5682749	141.0000000
144.8079012	126.9000000
135.9428204	114.0000000
122.9139438	109.5000000
124.7015075	91.2000000
114.0460338	114.6000000
136.2052371	123.3000000
142.9640073	143.4000000
158.7322863	162.0000000
166.7339019	156.6000000
163.4274461	147.6000000
161.6158423	157.2000000
164.0830995	162.3000000
173.0474745	146.1000000
173.2201510	165.3000000
178.4795232	131.4000000
147.8158998	111.3000000
130.8563718	116.7000000
131.7301486	143.4000000
139.2360312	167.4000000
156.6113395	166.2000000
153.8973456	211.8000000
189.0227528	195.6000000
179.5200465	212.4000000
186.2191498	188.7000000
167.7914455	183.0000000
159.8023241	165.9000000
143.8370909	145.8000000
135.1233451	137.7000000
131.0894509	106.2000000
120.4397519	150.3000000
147.5191431	162.0000000
158.4527693	156.6000000
157.2609584	184.5000000
173.1137828	136.5000000
150.8050301	153.6000000
154.1807869	142.8000000
151.8791257	152.1000000
148.6192684	118.8000000
125.4175382	135.0000000
128.2873829	135.9000000
134.0604065	103.8000000
125.9259241	119.1000000
135.5615833	134.7000000
156.1564804	143.4000000
162.8441901	122.7000000
159.0997793	126.0000000
153.9957213	135.3000000
156.6910672	133.8000000
150.3345378	132.6000000
143.3483933	132.9000000
138.6939202	100.8000000
112.1216326	99.3000000
115.4537512	125.1000000
131.7830222	160.8000000
156.4261333	177.0000000
175.8311590	207.6000000
185.2649206	187.2000000
180.0068918	177.0000000
168.7597110	178.2000000
170.3484867	194.4000000
170.6615142	186.6000000
169.5764756	199.2000000
174.7371182	198.9000000
169.3438273	150.0000000
144.6895546	131.4000000
133.2029588	117.9000000
127.4518035	130.2000000
129.4629373	129.9000000
129.7788242	124.8000000
128.1488638	138.9000000
135.9345309	142.2000000
139.0029750	141.9000000
139.2792695	143.4000000
132.6727787	139.2000000
127.7331419	117.9000000
119.1833856	115.8000000
126.8025137	121.5000000
137.6435747	179.1000000
180.1041786	194.7000000
192.6977796	213.9000000
204.2645317	238.8000000
217.4934628	215.4000000
210.8000351	193.5000000
197.6010509	210.3000000
207.9235946	230.4000000
219.3011525	247.2000000
219.6854653	207.3000000
192.0461496	152.7000000
151.9492894	145.8000000
142.5102245	155.4000000
144.8969733	161.7000000
148.6154456	135.0000000
138.3333901	140.7000000
140.6930861	148.2000000
145.8057755	158.7000000
152.7026550	152.1000000
149.3830843	153.0000000
144.4931338	155.7000000
143.1951884	142.2000000
135.4576949	137.4000000
146.0937449	148.8000000
160.0613340	174.6000000
185.0409803	213.9000000
217.2294272	255.6000000
241.7249083	222.3000000
223.9895247	220.5000000
221.5306491	225.0000000
227.1124867	244.8000000
244.6727245	221.1000000
227.9799901	225.3000000
214.0651108	250.5000000
217.4093997	182.4000000
180.8782503	158.7000000
164.9925401	179.4000000
166.9342513	190.8000000
173.5807459	204.3000000
182.3843351	168.0000000
168.1570035	155.4000000
158.8532199	167.4000000
163.4064820	163.8000000
162.0087684	190.5000000
173.4985711	163.8000000
159.3380320	142.2000000
147.5505452	141.6000000
151.4776249	155.4000000
170.2578498	176.4000000
197.5538648	216.0000000
219.5367750	219.3000000
225.5733286	226.8000000
229.3805461	242.1000000
243.0273379	230.7000000
235.0788614	245.1000000
242.9585031	243.3000000
247.2249701	273.0000000
249.6241483	239.1000000
225.0347603	203.4000000
201.6100833	155.1000000
174.3389466	171.9000000
183.6264013	164.7000000
173.1658852	166.5000000
169.4318052	166.8000000
168.2877036	149.1000000
157.8033030	153.3000000
165.7304040	154.5000000
161.7392871	143.7000000
151.1893065	163.8000000
156.9000451	166.5000000
161.3145032	138.3000000
153.0150119	157.2000000
172.9067735	184.5000000
193.8081067	206.1000000
213.7240119	221.4000000
228.8741609	208.8000000
223.3189215	202.8000000
223.2364156	204.0000000
223.0530144	188.4000000
222.4244925	198.0000000
220.0166811	226.8000000
227.2132853	191.4000000
194.0157631	159.6000000
172.0778501	165.6000000
167.5410932	186.6000000
179.4043737	198.0000000
187.0873417	151.5000000
159.7298922	160.2000000
160.3539559	146.4000000
151.3602655	151.5000000
151.2458714	149.4000000
154.1852048	156.0000000
159.0876007	151.2000000
152.1382817	152.1000000
154.8896639	140.4000000
154.2651542	136.2000000
159.9247970	152.7000000
175.5402768	157.2000000
179.3612262	185.4000000
194.3144034	219.0000000
213.3687436	199.2000000
202.4026770	201.3000000
204.0344558	191.1000000
204.1644032	198.6000000
201.9086499	168.9000000
178.4980802	168.9000000
172.2119491	168.0000000
173.9831954	127.5000000
156.8780110	147.0000000
155.6576680	168.0000000
166.2662185	147.0000000
151.2913660	140.1000000
147.2090551	140.4000000
145.0155809	153.9000000
153.8218038	146.1000000
150.0235898	154.8000000
154.8300279	140.1000000
144.2392369	132.3000000
137.4746073	99.9000000
121.5757715	110.1000000
126.3437363	169.5000000
166.0756994	188.7000000
192.2311615	171.3000000
187.1840020	192.0000000
198.7197655	167.7000000
182.7016261	176.1000000
187.1500536	234.9000000
211.0600936	234.0000000
214.0910434	206.7000000
198.5502562	174.3000000
169.5086716	154.2000000
156.6301158	148.5000000
153.8192889	129.3000000
140.9392507	126.3000000
135.6959880	115.5000000
127.1300473	128.4000000
135.5973451	143.1000000
143.4735664	135.6000000
143.5936815	135.6000000
139.9183603	137.4000000
138.3390858	140.1000000
130.4828841	142.5000000
131.5896760	124.5000000
134.1848989	138.6000000
150.6760131	150.9000000
160.0108763	169.5000000
176.3185086	182.4000000
180.1239535	202.5000000
194.1130777	191.1000000
202.4360858	183.6000000
203.3279478	192.9000000
205.5557448	185.1000000
191.7776318	212.1000000
196.3289240	202.8000000
187.3066612	169.2000000
163.3391779	148.2000000
146.3758665	169.2000000
150.3906100	173.7000000
155.4076466	156.6000000
150.9194633	151.5000000
147.5174354	141.6000000
142.1385451	138.3000000
139.4960101	147.0000000
144.1891700	143.1000000
143.5154552	148.5000000
142.7088302	129.3000000
134.6594191	119.7000000
131.1355169	109.2000000
130.3457913	155.7000000
159.4379947	207.9000000
198.2673111	189.9000000
194.7351041	197.7000000
197.4814659	212.1000000
205.6817639	186.0000000
191.7655504	186.6000000
196.6847066	204.3000000
205.0484571	196.8000000
195.9859683	167.4000000
171.7789310	164.7000000
168.2039013	174.3000000
172.8968809	174.3000000
171.7948963	198.9000000
182.7431952	192.0000000
176.8447951	169.5000000
163.1409169	174.3000000
164.9023845	168.3000000
160.6117411	183.0000000
169.8475159	141.6000000
144.5696970	144.0000000
139.6656851	146.7000000
134.9161936	134.4000000
138.2532211	134.7000000
152.5823492	201.3000000
191.6098538	177.9000000
189.3033172	179.4000000
193.2514547	186.3000000
192.0321040	187.5000000
192.1430746	179.1000000
189.9553957	164.4000000
181.4367168	169.5000000
176.7194741	145.8000000
160.0138601	138.3000000
153.6963256	133.5000000
150.4023129	137.4000000
158.3485889	151.8000000
166.4390424	162.9000000
169.8524066	170.7000000
173.9309662	160.5000000
151.3554813	155.7000000
144.7037784	157.2000000
141.7640286	154.2000000
136.4251856	142.5000000
127.4653941	129.6000000
118.2580283	124.5000000
112.1693609	120.0000000
117.8419093	116.4000000
121.1074750	150.9000000
149.4459088	198.9000000
184.8671127	190.8000000
188.7109349	194.4000000
190.6119921	199.5000000
195.8736936	203.4000000
195.9809268	177.3000000
182.8811655	182.1000000
184.5267712	155.1000000
156.9240309	165.6000000
157.1535317	135.9000000
138.2370171	132.3000000
139.3433367	153.0000000
151.8760427	143.1000000
152.0810156	147.3000000
152.7421471	142.2000000
150.3995707	150.9000000
153.4169702	131.1000000
140.6258174	128.4000000
133.3084908	111.9000000
121.1973141	111.9000000
117.0133060	104.4000000
110.7986973	100.8000000
115.2943091	109.2000000
132.9377603	128.7000000
149.1295696	167.4000000
175.2453627	180.6000000
187.0794269	178.5000000
189.9092474	186.0000000
188.6171877	187.2000000
188.9416744	194.1000000
184.9463570	198.9000000
188.8538743	210.0000000
187.5635621	191.1000000
175.9858198	143.4000000
151.2090642	153.9000000
151.5351716	163.5000000
157.9066969	215.1000000
184.7987305	169.8000000
167.1857016	145.5000000
147.7766647	125.4000000
132.1808765	116.7000000
119.5090265	105.9000000
110.8446865	96.3000000
101.9039681	96.3000000
99.0733723	84.6000000
93.0463528	85.8000000
98.0436701	86.4000000
109.3070585	130.8000000
141.0123328	120.9000000
143.2051697	127.8000000
149.9325343	138.9000000
156.8753040	142.5000000
162.3316198	145.2000000
165.8411307	151.2000000
173.1080541	168.0000000
179.3461280	161.7000000
166.1102549	154.5000000
159.0557569	113.1000000
135.8191652	123.9000000
151.3451629	122.7000000
144.7209029	139.5000000
148.7995238	153.3000000
147.0802728	145.8000000
139.1215837	139.8000000
130.9871754	148.2000000
130.8699313	134.1000000
122.0797891	128.1000000
114.7370747	121.2000000
109.4628666	104.7000000
99.2014090	105.3000000
108.0431847	100.8000000
107.0388352	147.0000000
135.4432565	161.1000000
148.9308239	170.4000000
158.8260349	172.8000000
163.1787080	175.8000000
167.1144254	151.5000000
158.9466260	165.0000000
164.6460621	156.0000000
159.3065304	156.6000000
148.5688361	144.0000000
139.9557013	119.7000000
123.2797074	131.4000000
132.1680679	123.0000000
132.4797846	131.1000000
137.3843367	148.2000000
146.0124284	147.0000000
147.3935021	156.0000000
149.8722806	144.9000000
142.5904093	143.1000000
137.5950017	142.2000000
131.7477493	128.4000000
122.5878716	135.3000000
122.4109302	132.9000000
131.7497852	107.1000000
125.1740641	127.8000000
141.3436237	172.8000000
168.4275168	194.4000000
186.1949070	200.7000000
187.0593861	170.7000000
173.7400547	166.2000000
166.0142320	200.7000000
183.6825131	190.8000000
177.2062126	171.6000000
160.7206848	170.7000000
158.0660099	113.7000000
124.2115492	133.8000000
132.3129457	133.2000000
135.7911621	138.0000000
140.7667102	132.6000000
141.7344303	118.2000000
131.7660332	133.2000000
137.7811466	118.8000000
129.6347227	123.3000000
127.7558225	119.7000000
126.2436421	112.2000000
120.9091221	104.1000000
110.1487763	110.1000000
115.2886428	93.0000000
116.6414106	119.1000000
139.6935293	144.9000000
161.9613857	172.5000000
174.7932618	181.5000000
179.4017142	178.2000000
184.8669491	158.7000000
174.6913754	168.3000000
175.9975265	165.3000000
171.1002238	176.1000000
162.0348162	161.1000000
154.8539999	118.5000000
128.3935621	120.9000000
128.2858963	125.1000000
128.2370662	142.5000000
134.5425813	131.7000000
132.2526756	129.3000000
127.3232683	121.5000000
123.7586002	108.6000000
114.6464074	99.0000000
106.4063547	102.3000000
104.1300375	95.4000000
100.4831822	81.6000000
89.1462738	83.1000000
93.7798008	86.7000000
102.0419793	111.0000000
125.7355485	146.1000000
152.8437458	196.2000000
185.1612899	162.0000000
168.2708241	177.0000000
175.6386504	144.0000000
156.8374668	143.7000000
157.1821780	158.4000000
161.3977928	154.2000000
150.2952957	162.9000000
150.3524819	122.4000000
127.2317303	93.9000000
113.6248844	111.3000000
118.5177206	114.6000000
120.7783099	139.8000000
132.1241457	131.4000000
126.1470923	133.2000000
123.2930658	120.0000000
115.0848558	119.7000000
111.6209265	113.4000000
104.3232125	111.9000000
101.4358712	93.3000000
90.9861922	90.9000000
94.5384704	93.3000000
105.2711604	105.3000000
128.3870101	156.0000000
155.5345459	163.8000000
168.7427525	183.6000000
172.5715796	177.3000000
169.4790214	170.7000000
166.6867240	159.0000000
159.9338012	166.2000000
165.0322487	165.9000000
156.3695706	155.4000000
141.7936639	113.4000000
116.8497766	112.8000000
112.9612052	122.1000000
124.0327882	124.2000000
126.4764994	124.2000000
128.5024111	124.2000000
124.9949030	132.0000000
128.0681449	120.0000000
119.9082214	128.4000000
122.6811117	126.0000000
116.5529195	125.7000000
114.4779899	105.9000000
102.3254527	86.4000000
93.4740931	92.1000000
106.9610666	122.7000000
130.4511620	149.4000000
156.7733133	173.4000000
173.3079868	147.6000000
161.7619334	144.0000000
154.8891520	168.0000000
166.7425242	151.8000000
159.3983622	167.7000000
165.2340039	170.4000000
156.8820400	166.2000000
150.6623924	133.5000000
131.8563725	128.1000000
127.5732535	153.0000000
140.0728447	147.9000000
139.4104790	131.1000000
132.8341205	134.1000000
130.8121896	121.5000000
125.6124288	107.1000000
116.1559457	116.1000000
119.6254054	108.6000000
110.9241558	98.4000000
98.9949221	95.1000000
94.3280030	77.1000000
89.9185086	80.4000000
99.4223933	102.6000000
121.5808192	113.4000000
127.4396340	161.4000000
153.5990035	155.1000000
157.6404554	141.9000000
149.5887356	152.7000000
158.3935354	144.3000000
154.9705717	134.7000000
149.5389915	159.3000000
154.0691115	130.8000000
135.9560785	102.9000000
122.6542257	117.0000000
127.3256484	127.5000000
130.8246376	152.1000000
144.2093465	128.7000000
130.0541167	135.6000000
128.3706552	134.7000000
127.7834876	117.6000000
116.6648473	126.6000000
117.6742031	117.3000000
110.4811708	106.8000000
99.4317914	101.7000000
94.7476996	95.4000000
94.4764885	111.9000000
107.6284705	160.5000000
148.1994625	165.9000000
158.9256285	179.7000000
168.2472646	172.2000000
166.5179667	143.7000000
149.1370238	171.0000000
158.8142584	160.2000000
158.6897161	166.8000000
156.8780748	157.5000000
144.8960797	141.3000000
134.5657712	98.7000000
111.8268107	105.9000000
119.5178786	130.5000000
129.1103280	128.4000000
132.0718683	123.0000000
128.2720595	133.5000000
129.8649549	124.2000000
126.3421453	131.7000000
127.0720521	117.6000000
117.4963785	113.4000000
111.4057072	104.7000000
103.2097872	99.3000000
102.1620521	91.8000000
109.9966710	93.3000000
116.3821683	102.0000000
128.5190816	146.7000000
152.9403008	165.3000000
160.6262408	178.2000000
173.8865339	183.9000000
176.1081658	167.4000000
170.9496399	170.4000000
168.6149717	136.8000000
146.6015581	158.7000000
143.7840293	139.5000000
131.0508348	115.8000000
120.4386859	140.4000000
132.8665110	118.2000000
122.9491636	145.5000000
138.2885277	153.6000000
142.6246202	130.5000000
133.7381307	127.2000000
126.8887226	111.3000000
115.7969158	107.1000000
108.3645190	102.6000000
103.0444968	111.3000000
104.5678929	93.0000000
94.5259683	87.9000000
91.8479881	87.9000000
102.2783959	123.6000000
129.5985043	160.8000000
160.7512716	168.3000000
173.0232620	177.0000000
176.9209080	189.3000000
184.5384485	163.5000000
163.1713898	180.6000000
173.0855122	184.8000000
170.4284668	183.3000000
164.8901216	158.7000000
153.9108612	122.7000000
127.6626868	109.2000000
123.5085319	121.2000000
129.7036306	138.0000000
136.7809000	152.4000000
144.3113395	138.3000000
132.3829846	117.6000000
118.1723780	111.6000000
110.1855330	138.9000000
124.9681199	138.6000000
122.8654504	144.6000000
124.9162011	122.7000000
111.7448132	124.5000000
119.3070069	125.7000000
131.3431371	147.3000000
149.9573188	164.1000000
166.7307821	172.5000000
177.3910790	167.7000000
171.8858831	151.5000000
166.0990640	164.4000000
171.8791072	160.8000000
171.7764640	171.9000000
172.0906828	167.1000000
159.6180714	168.9000000
152.6105749	121.2000000
125.8382646	100.5000000
114.8200292	115.2000000
125.2413705	132.0000000
133.9393347	135.9000000
133.0493139	133.5000000
128.5043980	130.2000000
130.7383210	134.7000000
134.3356408	112.2000000
126.1297627	128.4000000
128.3957970	126.3000000
127.1814481	113.4000000
119.3086866	106.8000000
119.8418019	106.8000000
124.7998463	154.5000000
155.1312810	170.1000000
168.3870176	187.2000000
176.9753842	157.2000000
164.1565309	170.1000000
167.9085318	175.5000000
174.5006905	173.1000000
173.0347418	207.6000000
192.3385749	213.3000000
186.8730371	190.2000000
167.4006329	130.2000000
131.6972516	120.6000000
124.3647345	125.4000000
127.8086511	141.9000000
137.6189892	120.9000000
127.6597396	120.9000000
126.6846754	121.5000000
121.2311183	130.8000000
128.4713077	126.3000000
125.8598738	147.3000000
135.1526209	146.4000000
133.4891097	138.9000000
128.8671858	124.8000000
130.9447660	156.9000000
154.2555567	147.6000000
160.6758095	188.7000000
178.7664087	182.1000000
180.3465578	184.5000000
182.1357859	169.2000000
174.7406290	162.6000000
178.6428011	183.6000000
192.4342270	169.8000000
184.3357463	192.3000000
180.3597437	225.6000000
190.3868335	189.0000000
170.0194747	131.1000000
140.5373631	147.0000000
140.2880441	165.0000000
148.8931035	124.8000000
127.8331543	143.1000000
137.0677146	129.9000000
129.9077939	172.8000000
157.5682749	141.0000000
144.8079012	126.9000000
135.9428204	114.0000000
122.9139438	109.5000000
124.7015075	91.2000000
114.0460338	114.6000000
136.2052371	123.3000000
142.9640073	143.4000000
158.7322863	162.0000000
166.7339019	156.6000000
163.4274461	147.6000000
161.6158423	157.2000000
164.0830995	162.3000000
173.0474745	146.1000000
173.2201510	165.3000000
178.4795232	131.4000000
147.8158998	111.3000000
130.8563718	116.7000000
131.7301486	143.4000000
139.2360312	167.4000000
156.6113395	166.2000000
153.8973456	211.8000000
189.0227528	195.6000000
179.5200465	212.4000000
186.2191498	188.7000000
167.7914455	183.0000000
159.8023241	165.9000000
143.8370909	145.8000000
135.1233451	137.7000000
131.0894509	106.2000000
120.4397519	150.3000000
147.5191431	162.0000000
158.4527693	156.6000000
157.2609584	184.5000000
173.1137828	136.5000000
150.8050301	153.6000000
154.1807869	142.8000000
151.8791257	152.1000000
148.6192684	118.8000000
125.4175382	135.0000000
128.2873829	135.9000000
134.0604065	103.8000000
125.9259241	119.1000000
135.5615833	134.7000000
156.1564804	143.4000000
162.8441901	122.7000000
159.0997793	126.0000000
153.9957213	135.3000000
156.6910672	133.8000000
150.3345378	132.6000000
143.3483933	132.9000000
138.6939202	100.8000000
112.1216326	99.3000000
115.4537512	125.1000000
131.7830222	160.8000000
156.4261333	177.0000000
175.8311590	207.6000000
185.2649206	187.2000000
180.0068918	177.0000000
168.7597110	178.2000000
170.3484867	194.4000000
170.6615142	186.6000000
169.5764756	199.2000000
174.7371182	198.9000000
169.3438273	150.0000000
144.6895546	131.4000000
133.2029588	117.9000000
127.4518035	130.2000000
129.4629373	129.9000000
129.7788242	124.8000000
128.1488638	138.9000000
135.9345309	142.2000000
139.0029750	141.9000000
139.2792695	143.4000000
132.6727787	139.2000000
127.7331419	117.9000000
119.1833856	115.8000000
126.8025137	121.5000000
137.6435747	179.1000000
180.1041786	194.7000000
192.6977796	213.9000000
204.2645317	238.8000000
217.4934628	215.4000000
210.8000351	193.5000000
197.6010509	210.3000000
207.9235946	230.4000000
219.3011525	247.2000000
219.6854653	207.3000000
192.0461496	152.7000000
151.9492894	145.8000000
142.5102245	155.4000000
144.8969733	161.7000000
148.6154456	135.0000000
138.3333901	140.7000000
140.6930861	148.2000000
145.8057755	158.7000000
152.7026550	152.1000000
149.3830843	153.0000000
144.4931338	155.7000000
143.1951884	142.2000000
135.4576949	137.4000000
146.0937449	148.8000000
160.0613340	174.6000000
185.0409803	213.9000000
217.2294272	255.6000000
241.7249083	222.3000000
223.9895247	220.5000000
221.5306491	225.0000000
227.1124867	244.8000000
244.6727245	221.1000000
227.9799901	225.3000000
214.0651108	250.5000000
217.4093997	182.4000000
180.8782503	158.7000000
164.9925401	179.4000000
166.9342513	190.8000000
173.5807459	204.3000000
182.3843351	168.0000000
168.1570035	155.4000000
158.8532199	167.4000000
163.4064820	163.8000000
162.0087684	190.5000000
173.4985711	163.8000000
159.3380320	142.2000000
147.5505452	141.6000000
151.4776249	155.4000000
170.2578498	176.4000000
197.5538648	216.0000000
219.5367750	219.3000000
225.5733286	226.8000000
229.3805461	242.1000000
243.0273379	230.7000000
235.0788614	245.1000000
242.9585031	243.3000000
247.2249701	273.0000000
249.6241483	239.1000000
225.0347603	203.4000000
201.6100833	155.1000000
174.3389466	171.9000000
183.6264013	164.7000000
173.1658852	166.5000000
169.4318052	166.8000000
168.2877036	149.1000000
157.8033030	153.3000000
165.7304040	154.5000000
161.7392871	143.7000000
151.1893065	163.8000000
156.9000451	166.5000000
161.3145032	138.3000000
153.0150119	157.2000000
172.9067735	184.5000000
193.8081067	206.1000000
213.7240119	221.4000000
228.8741609	208.8000000
223.3189215	202.8000000
223.2364156	204.0000000
223.0530144	188.4000000
222.4244925	198.0000000
220.0166811	226.8000000
227.2132853	191.4000000
194.0157631	159.6000000
172.0778501	165.6000000
167.5410932	186.6000000
179.4043737	198.0000000
187.0873417	151.5000000
159.7298922	160.2000000
160.3539559	146.4000000
151.3602655	151.5000000
151.2458714	149.4000000
154.1852048	156.0000000
159.0876007	151.2000000
152.1382817	152.1000000
154.8896639	140.4000000
154.2651542	136.2000000
159.9247970	152.7000000
175.5402768	157.2000000
179.3612262	185.4000000
194.3144034	219.0000000
213.3687436	199.2000000
202.4026770	201.3000000
204.0344558	191.1000000
204.1644032	198.6000000
201.9086499	168.9000000
178.4980802	168.9000000
172.2119491	168.0000000
173.9831954	127.5000000
156.8780110	147.0000000
155.6576680	168.0000000
166.2662185	147.0000000
151.2913660	140.1000000
147.2090551	140.4000000
145.0155809	153.9000000
153.8218038	146.1000000
150.0235898	154.8000000
154.8300279	140.1000000
144.2392369	132.3000000
137.4746073	99.9000000
121.5757715	110.1000000
126.3437363	169.5000000
166.0756994	188.7000000
192.2311615	171.3000000
187.1840020	192.0000000
198.7197655	167.7000000
182.7016261	176.1000000
187.1500536	234.9000000
211.0600936	234.0000000
214.0910434	206.7000000
198.5502562	174.3000000
169.5086716	154.2000000
156.6301158	148.5000000
153.8192889	129.3000000
140.9392507	126.3000000
135.6959880	115.5000000
127.1300473	128.4000000
135.5973451	143.1000000
143.4735664	135.6000000
143.5936815	135.6000000
139.9183603	137.4000000
138.3390858	140.1000000
130.4828841	142.5000000
131.5896760	124.5000000
134.1848989	138.6000000
150.6760131	150.9000000
160.0108763	169.5000000
176.3185086	182.4000000
180.1239535	202.5000000
194.1130777	191.1000000
202.4360858	183.6000000
203.3279478	192.9000000
205.5557448	185.1000000
191.7776318	212.1000000
196.3289240	202.8000000
187.3066612	169.2000000
163.3391779	148.2000000
146.3758665	169.2000000
150.3906100	173.7000000
155.4076466	156.6000000
150.9194633	151.5000000
147.5174354	141.6000000
142.1385451	138.3000000
139.4960101	147.0000000
144.1891700	143.1000000
143.5154552	148.5000000
142.7088302	129.3000000
134.6594191	119.7000000
131.1355169	109.2000000
130.3457913	155.7000000
159.4379947	207.9000000
198.2673111	189.9000000
194.7351041	197.7000000
197.4814659	212.1000000
205.6817639	186.0000000
191.7655504	186.6000000
196.6847066	204.3000000
205.0484571	196.8000000
195.9859683	167.4000000
171.7789310	164.7000000
168.2039013	174.3000000
172.8968809	174.3000000
171.7948963	198.9000000
182.7431952	192.0000000
176.8447951	169.5000000
163.1409169	174.3000000
164.9023845	168.3000000
160.6117411	183.0000000
169.8475159	141.6000000
144.5696970	144.0000000
139.6656851	146.7000000
134.9161936	134.4000000
138.2532211	134.7000000
152.5823492	201.3000000
191.6098538	177.9000000
189.3033172	179.4000000
193.2514547	186.3000000
192.0321040	187.5000000
192.1430746	179.1000000
189.9553957	164.4000000
181.4367168	169.5000000
176.7194741	145.8000000
160.0138601	138.3000000
153.6963256	133.5000000
150.4023129	137.4000000
158.3485889	151.8000000
166.4390424	162.9000000
169.8524066	170.7000000
173.9309662	160.5000000
149.1577381	155.7000000
142.9547070	157.2000000
140.5129159	154.2000000
135.6718576	142.5000000
127.1013027	129.6000000
117.6863757	124.5000000
111.9940830	120.0000000
115.6984806	116.4000000
118.4319260	150.9000000
145.4137635	198.9000000
180.0723728	190.8000000
184.1624848	194.4000000
186.5407991	199.5000000
191.0840200	203.4000000
191.6011728	177.3000000
178.6508897	182.1000000
179.6089780	155.1000000
154.9074905	165.6000000
155.2016279	135.9000000
135.7602438	132.3000000
135.9331543	153.0000000
148.2061957	143.1000000
147.9449286	147.3000000
149.2100581	142.2000000
146.6988017	150.9000000
149.8082512	131.1000000
137.5071670	128.4000000
131.2803231	111.9000000
118.5688940	111.9000000
114.8204119	104.4000000
108.8450836	100.8000000
112.0237320	109.2000000
127.2585103	128.7000000
143.4253058	167.4000000
169.9565031	180.6000000
181.3581198	178.5000000
183.9280102	186.0000000
184.1283176	187.2000000
184.4280052	194.1000000
181.7803889	198.9000000
185.0417857	210.0000000
184.8037988	191.1000000
173.5223933	143.4000000
147.9834310	153.9000000
148.5867581	163.5000000
154.6667524	215.1000000
181.8864851	169.8000000
163.8596975	145.5000000
145.5871714	125.4000000
130.0099329	116.7000000
118.0713563	105.9000000
109.4098508	96.3000000
100.3908037	96.3000000
97.8751384	84.6000000
91.9620330	85.8000000
95.6463951	86.4000000
104.9910487	130.8000000
135.9352027	120.9000000
138.2222990	127.8000000
144.7856787	138.9000000
151.6445447	142.5000000
156.6245749	145.2000000
160.3621435	151.2000000
166.8616697	168.0000000
174.2730448	161.7000000
163.1748367	154.5000000
155.8475192	113.1000000
131.6111693	123.9000000
144.7679767	122.7000000
140.4889423	139.5000000
145.7457896	153.3000000
145.0649940	145.8000000
137.4794581	139.8000000
129.7979580	148.2000000
130.1786796	134.1000000
121.4712366	128.1000000
114.4155412	121.2000000
108.9707625	104.7000000
98.7066519	105.3000000
105.7349204	100.8000000
104.6942977	147.0000000
133.0935099	161.1000000
146.0139632	170.4000000
155.7332290	172.8000000
159.9379936	175.8000000
163.7088548	151.5000000
154.8950711	165.0000000
160.8753701	156.0000000
156.0382371	156.6000000
147.3712256	144.0000000
138.4502680	119.7000000
121.6841498	131.4000000
129.3274774	123.0000000
128.8565205	131.1000000
133.9975156	148.2000000
142.9302642	147.0000000
144.4561151	156.0000000
147.2835468	144.9000000
140.5785797	143.1000000
136.0621625	142.2000000
131.0186400	128.4000000
121.7229976	135.3000000
122.1330642	132.9000000
128.9425353	107.1000000
121.2146683	127.8000000
136.6488057	172.8000000
163.8728186	194.4000000
181.2294691	200.7000000
183.9313132	170.7000000
169.8802403	166.2000000
162.6838013	200.7000000
180.2315012	190.8000000
174.6969542	171.6000000
159.3666092	170.7000000
155.9980079	113.7000000
122.3542429	133.8000000
130.1654853	133.2000000
132.7764769	138.0000000
137.7473169	132.6000000
138.2139113	118.2000000
128.8819615	133.2000000
135.0450725	118.8000000
126.9356949	123.3000000
125.8492548	119.7000000
123.9165039	112.2000000
118.7280193	104.1000000
109.2660720	110.1000000
113.0078850	93.0000000
111.8793599	119.1000000
133.9569598	144.9000000
155.8548906	172.5000000
170.4526343	181.5000000
175.5594361	178.2000000
178.7910986	158.7000000
169.0918955	168.3000000
171.0020807	165.3000000
167.2016264	176.1000000
160.9840182	161.1000000
152.6727663	118.5000000
125.8505585	120.9000000
125.6724187	125.1000000
126.1096178	142.5000000
133.1316968	131.7000000
130.0622278	129.3000000
125.8410632	121.5000000
122.0744243	108.6000000
113.0064391	99.0000000
105.2774674	102.3000000
103.4135922	95.4000000
99.4750203	81.6000000
88.3178779	83.1000000
91.5255195	86.7000000
98.5549466	111.0000000
121.1524525	146.1000000
148.0463526	196.2000000
180.8592745	162.0000000
164.8457744	177.0000000
171.4404364	144.0000000
152.6764926	143.7000000
152.7715205	158.4000000
157.4366189	154.2000000
148.3530185	162.9000000
148.8235057	122.4000000
125.2435084	93.9000000
110.7729302	111.3000000
116.1748887	114.6000000
118.5314470	139.8000000
130.3015002	131.4000000
124.7513662	133.2000000
122.4302272	120.0000000
114.0461477	119.7000000
111.0493072	113.4000000
104.4321537	111.9000000
101.7471907	93.3000000
91.1155279	90.9000000
93.0203227	93.3000000
102.2922530	105.3000000
122.7826639	156.0000000
151.5791331	163.8000000
164.3735450	183.6000000
169.5424965	177.3000000
166.5794969	170.7000000
163.1564928	159.0000000
156.6366208	166.2000000
161.7542003	165.9000000
154.7815947	155.4000000
141.6048720	113.4000000
115.8175079	112.8000000
111.3975219	122.1000000
121.2287188	124.2000000
123.8932542	124.2000000
126.1259036	124.2000000
123.2264521	132.0000000
126.3322836	120.0000000
118.3724760	128.4000000
121.2271492	126.0000000
116.2698470	125.7000000
114.0455783	105.9000000
102.1779621	86.4000000
92.2953396	92.1000000
103.5300233	122.7000000
126.1211962	149.4000000
151.5080848	173.4000000
168.6585749	147.6000000
157.7010160	144.0000000
151.2000220	168.0000000
162.6983090	151.8000000
155.5204603	167.7000000
162.0785595	170.4000000
155.7821812	166.2000000
149.8756928	133.5000000
130.3725635	128.1000000
125.6972277	153.0000000
138.4516015	147.9000000
137.7691384	131.1000000
130.5922513	134.1000000
129.1352965	121.5000000
123.3226269	107.1000000
113.9690985	116.1000000
117.6335237	108.6000000
110.0713283	98.4000000
99.1135162	95.1000000
94.0350307	77.1000000
88.3067453	80.4000000
96.3585927	102.6000000
116.7875311	113.4000000
123.9434201	161.4000000
150.3823440	155.1000000
153.2828965	141.9000000
145.9919363	152.7000000
153.9980287	144.3000000
150.4221306	134.7000000
145.8347152	159.3000000
151.7725096	130.8000000
134.3884856	102.9000000
119.2926293	117.0000000
124.2664647	127.5000000
128.6913664	152.1000000
141.8226654	128.7000000
128.3639258	135.6000000
127.4602920	134.7000000
126.1968630	117.6000000
115.4453520	126.6000000
117.0274373	117.3000000
110.2497669	106.8000000
99.7249913	101.7000000
94.6507008	95.4000000
93.3994226	111.9000000
105.5627318	160.5000000
144.0889630	165.9000000
155.1255831	179.7000000
165.5824694	172.2000000
163.2903527	143.7000000
146.1223087	171.0000000
156.5271987	160.2000000
155.1728592	166.8000000
154.7269366	157.5000000
144.6106733	141.3000000
133.3371103	98.7000000
109.7931712	105.9000000
116.1049983	130.5000000
127.0453645	128.4000000
129.5383387	123.0000000
125.7773980	133.5000000
128.1659786	124.2000000
124.1126480	131.7000000
125.3031969	117.6000000
116.2407576	113.4000000
110.4130132	104.7000000
102.5762623	99.3000000
100.9700292	91.8000000
105.8311003	93.3000000
112.1919329	102.0000000
123.7041123	146.7000000
148.5032084	165.3000000
157.6941910	178.2000000
169.5410512	183.9000000
172.1841245	167.4000000
166.8148875	170.4000000
165.2175653	136.8000000
143.8363752	158.7000000
142.9851665	139.5000000
129.9869318	115.8000000
118.0680077	140.4000000
130.8567398	118.2000000
121.1632366	145.5000000
135.9351990	153.6000000
140.5320006	130.5000000
131.2131230	127.2000000
125.1230809	111.3000000
114.3112490	107.1000000
107.5954387	102.6000000
102.2903502	111.3000000
103.8608468	93.0000000
93.8939652	87.9000000
91.0600551	87.9000000
98.9142176	123.6000000
125.6164396	160.8000000
155.8828945	168.3000000
167.6655939	177.0000000
172.7249264	189.3000000
179.8694439	163.5000000
160.2080234	180.6000000
169.0233619	184.8000000
167.4432068	183.3000000
163.4713039	158.7000000
151.2795033	122.7000000
126.0465351	109.2000000
120.2687881	121.2000000
126.3837533	138.0000000
134.5594307	152.4000000
142.1413406	138.3000000
131.3365329	117.6000000
117.3406662	111.6000000
109.5203167	138.9000000
123.7130609	138.6000000
122.6805121	144.6000000
124.9638626	122.7000000
111.8426109	124.5000000
117.2419008	125.7000000
126.9480468	147.3000000
146.0547965	164.1000000
162.0551602	172.5000000
172.1349444	167.7000000
167.8935239	151.5000000
161.1747905	164.4000000
166.5132063	160.8000000
166.6697224	171.9000000
168.4402431	167.1000000
158.0448680	168.9000000
151.4718950	121.2000000
124.1801171	100.5000000
112.1892048	115.2000000
121.7883586	132.0000000
131.3120361	135.9000000
131.4981032	133.5000000
127.0739674	130.2000000
128.0410181	134.7000000
131.8381292	112.2000000
123.4556487	128.4000000
126.8521554	126.3000000
125.3698498	113.4000000
117.3871288	106.8000000
116.9862966	106.8000000
120.8502543	154.5000000
150.6898908	170.1000000
164.1551853	187.2000000
173.3828469	157.2000000
159.9495563	170.1000000
163.9823514	175.5000000
169.7172049	173.1000000
169.1234709	207.6000000
188.3147110	213.3000000
185.1579657	190.2000000
166.9047733	130.2000000
130.2717576	120.6000000
122.0625788	125.4000000
125.1759440	141.9000000
135.3037006	120.9000000
125.1063599	120.9000000
124.3193593	121.5000000
119.9864999	130.8000000
126.5340680	126.3000000
123.9715248	147.3000000
133.8916177	146.4000000
132.5752094	138.9000000
127.5522939	124.8000000
127.4626135	156.9000000
149.9390271	147.6000000
155.4558184	188.7000000
174.8508648	182.1000000
175.7300896	184.5000000
177.3342362	169.2000000
170.2649237	162.6000000
172.0898238	183.6000000
185.9534409	169.8000000
179.2824379	192.3000000
178.4210041	225.6000000
188.9700978	189.0000000
168.0476655	131.1000000
137.9551364	147.0000000
138.3489833	165.0000000
146.9699075	124.8000000
126.0065007	143.1000000
134.7295427	129.9000000
127.9614913	172.8000000
154.5503267	141.0000000
141.8791409	126.9000000
133.4398127	114.0000000
121.1100956	109.5000000
121.3147512	91.2000000
110.4325301	114.6000000
130.5957770	123.3000000
138.0690532	143.4000000
153.4432588	162.0000000
162.1842337	156.6000000
159.1910283	147.6000000
156.6705915	157.2000000
159.5068266	162.3000000
167.4218170	146.1000000
166.3366011	165.3000000
173.2490840	131.4000000
145.4663163	111.3000000
127.7325096	116.7000000
127.6356739	143.4000000
137.1153782	167.4000000
153.8144224	166.2000000
151.7874843	211.8000000
185.0022454	195.6000000
176.6358204	212.4000000
184.0762661	188.7000000
166.2371941	183.0000000
158.7680333	165.9000000
143.7141694	145.8000000
133.8242343	137.7000000
129.2562328	106.2000000
117.4458558	150.3000000
143.8920442	162.0000000
154.9060898	156.6000000
153.8153052	184.5000000
169.0905044	136.5000000
146.7300817	153.6000000
151.1196355	142.8000000
147.7749980	152.1000000
146.5038913	118.8000000
124.3167858	135.0000000
127.0569488	135.9000000
131.4652273	103.8000000
121.9234400	119.1000000
131.3727639	134.7000000
150.1774744	143.4000000
157.1552058	122.7000000
152.9520669	126.0000000
149.0475285	135.3000000
151.9365684	133.8000000
146.4957195	132.6000000
140.4756794	132.9000000
135.9435962	100.8000000
110.7516389	99.3000000
112.0572569	125.1000000
127.8344326	160.8000000
152.4548198	177.0000000
170.4755154	207.6000000
182.3422207	187.2000000
175.9914878	177.0000000
165.3932159	178.2000000
166.7312055	194.4000000
168.9281666	186.6000000
167.1591966	199.2000000
172.5738464	198.9000000
168.6964946	150.0000000
143.2875230	131.4000000
130.8650097	117.9000000
124.6553924	130.2000000
127.6996825	129.9000000
127.7269420	124.8000000
125.5954221	138.9000000
133.5023558	142.2000000
136.7385528	141.9000000
137.1197333	143.4000000
132.1065839	139.2000000
127.0175513	117.9000000
117.3633032	115.8000000
122.7779950	121.5000000
132.9497859	179.1000000
173.8155775	194.7000000
187.1902552	213.9000000
199.5676672	238.8000000
212.5671620	215.4000000
204.9973443	193.5000000
192.2559455	210.3000000
201.5939113	230.4000000
213.3646594	247.2000000
216.6808447	207.3000000
190.0676436	152.7000000
150.1776709	145.8000000
140.3486993	155.4000000
143.0100125	161.7000000
146.9735612	135.0000000
135.7033888	140.7000000
138.0722815	148.2000000
143.1071501	158.7000000
149.9933429	152.1000000
146.9367705	153.0000000
143.0978291	155.7000000
141.9160032	142.2000000
134.0956872	137.4000000
141.2486263	148.8000000
154.5327197	174.6000000
178.5883615	213.9000000
209.3426760	255.6000000
234.9567477	222.3000000
218.0253690	220.5000000
215.0809522	225.0000000
219.4198954	244.8000000
236.3581520	221.1000000
221.3117769	225.3000000
210.4759192	250.5000000
214.4305245	182.4000000
177.0487748	158.7000000
161.7161022	179.4000000
164.3336351	190.8000000
170.7167736	204.3000000
179.1307335	168.0000000
164.2711145	155.4000000
155.2783169	167.4000000
159.9991071	163.8000000
158.6748335	190.5000000
170.8757173	163.8000000
157.0007679	142.2000000
144.7222202	141.6000000
146.9281169	155.4000000
163.7644759	176.4000000
189.0631329	216.0000000
212.8757085	219.3000000
218.9165824	226.8000000
222.3383836	242.1000000
235.0552135	230.7000000
228.0715610	245.1000000
235.8081984	243.3000000
238.7083231	273.0000000
244.8241292	239.1000000
221.2977493	203.4000000
196.6553055	155.1000000
168.7974392	171.9000000
177.7752946	164.7000000
169.1756807	166.5000000
165.8872029	166.8000000
164.0903343	149.1000000
154.1409531	153.3000000
160.4182794	154.5000000
157.9142453	143.7000000
148.4505086	163.8000000
154.2369602	166.5000000
157.6408344	138.3000000
148.3865675	157.2000000
166.3102270	184.5000000
187.0412407	206.1000000
206.2619960	221.4000000
220.7864335	208.8000000
215.7828361	202.8000000
215.0621193	204.0000000
214.6935078	188.4000000
212.7521922	198.0000000
212.7673617	226.8000000
221.5632066	191.4000000
190.8887310	159.6000000
168.1161919	165.6000000
163.6347793	186.6000000
175.3796562	198.0000000
182.9644450	151.5000000
156.8191084	160.2000000
157.2549043	146.4000000
148.2708678	151.5000000
148.5974455	149.4000000
150.2845093	156.0000000
155.0456650	151.2000000
149.7683043	152.1000000
151.4190385	140.4000000
149.2533104	136.2000000
153.8379252	152.7000000
168.6936039	157.2000000
173.0537510	185.4000000
188.0723249	219.0000000
207.1184303	199.2000000
197.0301466	201.3000000
198.1247669	191.1000000
197.0666377	198.6000000
197.0172430	168.9000000
175.2141737	168.9000000
168.5088217	168.0000000
168.7229133	127.5000000
151.5267509	147.0000000
152.7364282	168.0000000
162.8955695	147.0000000
148.4110276	140.1000000
144.2354452	140.4000000
141.9866007	153.9000000
150.4358066	146.1000000
146.9052305	154.8000000
151.6230764	140.1000000
141.8057632	132.3000000
135.0018474	99.9000000
118.4091274	110.1000000
122.7400172	169.5000000
161.0096583	188.7000000
185.2193257	171.3000000
180.9139896	192.0000000
192.6250549	167.7000000
177.6121942	176.1000000
181.4045594	234.9000000
207.0167286	234.0000000
209.8361008	206.7000000
194.5081315	174.3000000
167.4654187	154.2000000
153.3910353	148.5000000
149.8565668	129.3000000
137.9949190	126.3000000
133.4361041	115.5000000
124.5232482	128.4000000
132.2888443	143.1000000
140.6033507	135.6000000
140.3072624	135.6000000
137.5584056	137.4000000
136.3190001	140.1000000
130.1336117	142.5000000
130.1829267	124.5000000
129.9341316	138.6000000
145.2454753	150.9000000
155.6789674	169.5000000
170.9847101	182.4000000
175.4973302	202.5000000
189.0643587	191.1000000
194.4950384	183.6000000
195.6105888	192.9000000
199.3852840	185.1000000
187.5832079	212.1000000
193.0128379	202.8000000
184.7489472	169.2000000
161.3183574	148.2000000
144.4446015	169.2000000
149.0353949	173.7000000
153.7607469	156.6000000
148.5769322	151.5000000
145.4628705	141.6000000
139.8301750	138.3000000
136.7766822	147.0000000
141.4886907	143.1000000
140.8441088	148.5000000
140.7531463	129.3000000
132.1622251	119.7000000
127.5195395	109.2000000
126.0886158	155.7000000
154.5497025	207.9000000
192.0064224	189.9000000
188.9354435	197.7000000
192.6568746	212.1000000
200.5018219	186.0000000
186.7613580	186.6000000
190.4224943	204.3000000
198.9048414	196.8000000
191.7814201	167.4000000
168.7186305	164.7000000
163.9362874	174.3000000
168.7063634	174.3000000
168.5109037	198.9000000
179.9497522	192.0000000
174.6579236	169.5000000
161.0791191	174.3000000
162.0284000	168.3000000
158.2532312	183.0000000
167.1311361	141.6000000
142.7253190	144.0000000
138.1852011	146.7000000
134.2092516	134.4000000
134.7003717	134.7000000
146.4049860	201.3000000
186.3032344	177.9000000
183.5818746	179.4000000
186.3602377	186.3000000
186.3947206	187.5000000
186.8593379	179.1000000
183.8040465	164.4000000
175.4960780	169.5000000
172.1866593	145.8000000
156.0995434	138.3000000
149.4609316	133.5000000
146.0794122	137.4000000
152.7948733	151.8000000
161.4264762	162.9000000
165.9912793	170.7000000
169.9679680	160.5000000
149.1577381	155.7000000
142.9547070	157.2000000
140.5129159	154.2000000
135.6718576	142.5000000
127.1013027	129.6000000
117.6863757	124.5000000
111.9940830	120.0000000
115.6984806	116.4000000
118.4319260	150.9000000
145.4137635	198.9000000
180.0723728	190.8000000
184.1624848	194.4000000
186.5407991	199.5000000
191.0840200	203.4000000
191.6011728	177.3000000
178.6508897	182.1000000
179.6089780	155.1000000
154.9074905	165.6000000
155.2016279	135.9000000
135.7602438	132.3000000
135.9331543	153.0000000
148.2061957	143.1000000
147.9449286	147.3000000
149.2100581	142.2000000
146.6988017	150.9000000
149.8082512	131.1000000
137.5071670	128.4000000
131.2803231	111.9000000
118.5688940	111.9000000
114.8204119	104.4000000
108.8450836	100.8000000
112.0237320	109.2000000
127.2585103	128.7000000
143.4253058	167.4000000
169.9565031	180.6000000
181.3581198	178.5000000
183.9280102	186.0000000
184.1283176	187.2000000
184.4280052	194.1000000
181.7803889	198.9000000
185.0417857	210.0000000
184.8037988	191.1000000
173.5223933	143.4000000
147.9834310	153.9000000
148.5867581	163.5000000
154.6667524	215.1000000
181.8864851	169.8000000
163.8596975	145.5000000
145.5871714	125.4000000
130.0099329	116.7000000
118.0713563	105.9000000
109.4098508	96.3000000
100.3908037	96.3000000
97.8751384	84.6000000
91.9620330	85.8000000
95.6463951	86.4000000
104.9910487	130.8000000
135.9352027	120.9000000
138.2222990	127.8000000
144.7856787	138.9000000
151.6445447	142.5000000
156.6245749	145.2000000
160.3621435	151.2000000
166.8616697	168.0000000
174.2730448	161.7000000
163.1748367	154.5000000
155.8475192	113.1000000
131.6111693	123.9000000
144.7679767	122.7000000
140.4889423	139.5000000
145.7457896	153.3000000
145.0649940	145.8000000
137.4794581	139.8000000
129.7979580	148.2000000
130.1786796	134.1000000
121.4712366	128.1000000
114.4155412	121.2000000
108.9707625	104.7000000
98.7066519	105.3000000
105.7349204	100.8000000
104.6942977	147.0000000
133.0935099	161.1000000
146.0139632	170.4000000
155.7332290	172.8000000
159.9379936	175.8000000
163.7088548	151.5000000
154.8950711	165.0000000
160.8753701	156.0000000
156.0382371	156.6000000
147.3712256	144.0000000
138.4502680	119.7000000
121.6841498	131.4000000
129.3274774	123.0000000
128.8565205	131.1000000
133.9975156	148.2000000
142.9302642	147.0000000
144.4561151	156.0000000
147.2835468	144.9000000
140.5785797	143.1000000
136.0621625	142.2000000
131.0186400	128.4000000
121.7229976	135.3000000
122.1330642	132.9000000
128.9425353	107.1000000
121.2146683	127.8000000
136.6488057	172.8000000
163.8728186	194.4000000
181.2294691	200.7000000
183.9313132	170.7000000
169.8802403	166.2000000
162.6838013	200.7000000
180.2315012	190.8000000
174.6969542	171.6000000
159.3666092	170.7000000
155.9980079	113.7000000
122.3542429	133.8000000
130.1654853	133.2000000
132.7764769	138.0000000
137.7473169	132.6000000
138.2139113	118.2000000
128.8819615	133.2000000
135.0450725	118.8000000
126.9356949	123.3000000
125.8492548	119.7000000
123.9165039	112.2000000
118.7280193	104.1000000
109.2660720	110.1000000
113.0078850	93.0000000
111.8793599	119.1000000
133.9569598	144.9000000
155.8548906	172.5000000
170.4526343	181.5000000
175.5594361	178.2000000
178.7910986	158.7000000
169.0918955	168.3000000
171.0020807	165.3000000
167.2016264	176.1000000
160.9840182	161.1000000
152.6727663	118.5000000
125.8505585	120.9000000
125.6724187	125.1000000
126.1096178	142.5000000
133.1316968	131.7000000
130.0622278	129.3000000
125.8410632	121.5000000
122.0744243	108.6000000
113.0064391	99.0000000
105.2774674	102.3000000
103.4135922	95.4000000
99.4750203	81.6000000
88.3178779	83.1000000
91.5255195	86.7000000
98.5549466	111.0000000
121.1524525	146.1000000
148.0463526	196.2000000
180.8592745	162.0000000
164.8457744	177.0000000
171.4404364	144.0000000
152.6764926	143.7000000
152.7715205	158.4000000
157.4366189	154.2000000
148.3530185	162.9000000
148.8235057	122.4000000
125.2435084	93.9000000
110.7729302	111.3000000
116.1748887	114.6000000
118.5314470	139.8000000
130.3015002	131.4000000
124.7513662	133.2000000
122.4302272	120.0000000
114.0461477	119.7000000
111.0493072	113.4000000
104.4321537	111.9000000
101.7471907	93.3000000
91.1155279	90.9000000
93.0203227	93.3000000
102.2922530	105.3000000
122.7826639	156.0000000
151.5791331	163.8000000
164.3735450	183.6000000
169.5424965	177.3000000
166.5794969	170.7000000
163.1564928	159.0000000
156.6366208	166.2000000
161.7542003	165.9000000
154.7815947	155.4000000
141.6048720	113.4000000
115.8175079	112.8000000
111.3975219	122.1000000
121.2287188	124.2000000
123.8932542	124.2000000
126.1259036	124.2000000
123.2264521	132.0000000
126.3322836	120.0000000
118.3724760	128.4000000
121.2271492	126.0000000
116.2698470	125.7000000
114.0455783	105.9000000
102.1779621	86.4000000
92.2953396	92.1000000
103.5300233	122.7000000
126.1211962	149.4000000
151.5080848	173.4000000
168.6585749	147.6000000
157.7010160	144.0000000
151.2000220	168.0000000
162.6983090	151.8000000
155.5204603	167.7000000
162.0785595	170.4000000
155.7821812	166.2000000
149.8756928	133.5000000
130.3725635	128.1000000
125.6972277	153.0000000
138.4516015	147.9000000
137.7691384	131.1000000
130.5922513	134.1000000
129.1352965	121.5000000
123.3226269	107.1000000
113.9690985	116.1000000
117.6335237	108.6000000
110.0713283	98.4000000
99.1135162	95.1000000
94.0350307	77.1000000
88.3067453	80.4000000
96.3585927	102.6000000
116.7875311	113.4000000
123.9434201	161.4000000
150.3823440	155.1000000
153.2828965	141.9000000
145.9919363	152.7000000
153.9980287	144.3000000
150.4221306	134.7000000
145.8347152	159.3000000
151.7725096	130.8000000
134.3884856	102.9000000
119.2926293	117.0000000
124.2664647	127.5000000
128.6913664	152.1000000
141.8226654	128.7000000
128.3639258	135.6000000
127.4602920	134.7000000
126.1968630	117.6000000
115.4453520	126.6000000
117.0274373	117.3000000
110.2497669	106.8000000
99.7249913	101.7000000
94.6507008	95.4000000
93.3994226	111.9000000
105.5627318	160.5000000
144.0889630	165.9000000
155.1255831	179.7000000
165.5824694	172.2000000
163.2903527	143.7000000
146.1223087	171.0000000
156.5271987	160.2000000
155.1728592	166.8000000
154.7269366	157.5000000
144.6106733	141.3000000
133.3371103	98.7000000
109.7931712	105.9000000
116.1049983	130.5000000
127.0453645	128.4000000
129.5383387	123.0000000
125.7773980	133.5000000
128.1659786	124.2000000
124.1126480	131.7000000
125.3031969	117.6000000
116.2407576	113.4000000
110.4130132	104.7000000
102.5762623	99.3000000
100.9700292	91.8000000
105.8311003	93.3000000
112.1919329	102.0000000
123.7041123	146.7000000
148.5032084	165.3000000
157.6941910	178.2000000
169.5410512	183.9000000
172.1841245	167.4000000
166.8148875	170.4000000
165.2175653	136.8000000
143.8363752	158.7000000
142.9851665	139.5000000
129.9869318	115.8000000
118.0680077	140.4000000
130.8567398	118.2000000
121.1632366	145.5000000
135.9351990	153.6000000
140.5320006	130.5000000
131.2131230	127.2000000
125.1230809	111.3000000
114.3112490	107.1000000
107.5954387	102.6000000
102.2903502	111.3000000
103.8608468	93.0000000
93.8939652	87.9000000
91.0600551	87.9000000
98.9142176	123.6000000
125.6164396	160.8000000
155.8828945	168.3000000
167.6655939	177.0000000
172.7249264	189.3000000
179.8694439	163.5000000
160.2080234	180.6000000
169.0233619	184.8000000
167.4432068	183.3000000
163.4713039	158.7000000
151.2795033	122.7000000
126.0465351	109.2000000
120.2687881	121.2000000
126.3837533	138.0000000
134.5594307	152.4000000
142.1413406	138.3000000
131.3365329	117.6000000
117.3406662	111.6000000
109.5203167	138.9000000
123.7130609	138.6000000
122.6805121	144.6000000
124.9638626	122.7000000
111.8426109	124.5000000
117.2419008	125.7000000
126.9480468	147.3000000
146.0547965	164.1000000
162.0551602	172.5000000
172.1349444	167.7000000
167.8935239	151.5000000
161.1747905	164.4000000
166.5132063	160.8000000
166.6697224	171.9000000
168.4402431	167.1000000
158.0448680	168.9000000
151.4718950	121.2000000
124.1801171	100.5000000
112.1892048	115.2000000
121.7883586	132.0000000
131.3120361	135.9000000
131.4981032	133.5000000
127.0739674	130.2000000
128.0410181	134.7000000
131.8381292	112.2000000
123.4556487	128.4000000
126.8521554	126.3000000
125.3698498	113.4000000
117.3871288	106.8000000
116.9862966	106.8000000
120.8502543	154.5000000
150.6898908	170.1000000
164.1551853	187.2000000
173.3828469	157.2000000
159.9495563	170.1000000
163.9823514	175.5000000
169.7172049	173.1000000
169.1234709	207.6000000
188.3147110	213.3000000
185.1579657	190.2000000
166.9047733	130.2000000
130.2717576	120.6000000
122.0625788	125.4000000
125.1759440	141.9000000
135.3037006	120.9000000
125.1063599	120.9000000
124.3193593	121.5000000
119.9864999	130.8000000
126.5340680	126.3000000
123.9715248	147.3000000
133.8916177	146.4000000
132.5752094	138.9000000
127.5522939	124.8000000
127.4626135	156.9000000
149.9390271	147.6000000
155.4558184	188.7000000
174.8508648	182.1000000
175.7300896	184.5000000
177.3342362	169.2000000
170.2649237	162.6000000
172.0898238	183.6000000
185.9534409	169.8000000
179.2824379	192.3000000
178.4210041	225.6000000
188.9700978	189.0000000
168.0476655	131.1000000
137.9551364	147.0000000
138.3489833	165.0000000
146.9699075	124.8000000
126.0065007	143.1000000
134.7295427	129.9000000
127.9614913	172.8000000
154.5503267	141.0000000
141.8791409	126.9000000
133.4398127	114.0000000
121.1100956	109.5000000
121.3147512	91.2000000
110.4325301	114.6000000
130.5957770	123.3000000
138.0690532	143.4000000
153.4432588	162.0000000
162.1842337	156.6000000
159.1910283	147.6000000
156.6705915	157.2000000
159.5068266	162.3000000
167.4218170	146.1000000
166.3366011	165.3000000
173.2490840	131.4000000
145.4663163	111.3000000
127.7325096	116.7000000
127.6356739	143.4000000
137.1153782	167.4000000
153.8144224	166.2000000
151.7874843	211.8000000
185.0022454	195.6000000
176.6358204	212.4000000
184.0762661	188.7000000
166.2371941	183.0000000
158.7680333	165.9000000
143.7141694	145.8000000
133.8242343	137.7000000
129.2562328	106.2000000
117.4458558	150.3000000
143.8920442	162.0000000
154.9060898	156.6000000
153.8153052	184.5000000
169.0905044	136.5000000
146.7300817	153.6000000
151.1196355	142.8000000
147.7749980	152.1000000
146.5038913	118.8000000
124.3167858	135.0000000
127.0569488	135.9000000
131.4652273	103.8000000
121.9234400	119.1000000
131.3727639	134.7000000
150.1774744	143.4000000
157.1552058	122.7000000
152.9520669	126.0000000
149.0475285	135.3000000
151.9365684	133.8000000
146.4957195	132.6000000
140.4756794	132.9000000
135.9435962	100.8000000
110.7516389	99.3000000
112.0572569	125.1000000
127.8344326	160.8000000
152.4548198	177.0000000
170.4755154	207.6000000
182.3422207	187.2000000
175.9914878	177.0000000
165.3932159	178.2000000
166.7312055	194.4000000
168.9281666	186.6000000
167.1591966	199.2000000
172.5738464	198.9000000
168.6964946	150.0000000
143.2875230	131.4000000
130.8650097	117.9000000
124.6553924	130.2000000
127.6996825	129.9000000
127.7269420	124.8000000
125.5954221	138.9000000
133.5023558	142.2000000
136.7385528	141.9000000
137.1197333	143.4000000
132.1065839	139.2000000
127.0175513	117.9000000
117.3633032	115.8000000
122.7779950	121.5000000
132.9497859	179.1000000
173.8155775	194.7000000
187.1902552	213.9000000
199.5676672	238.8000000
212.5671620	215.4000000
204.9973443	193.5000000
192.2559455	210.3000000
201.5939113	230.4000000
213.3646594	247.2000000
216.6808447	207.3000000
190.0676436	152.7000000
150.1776709	145.8000000
140.3486993	155.4000000
143.0100125	161.7000000
146.9735612	135.0000000
135.7033888	140.7000000
138.0722815	148.2000000
143.1071501	158.7000000
149.9933429	152.1000000
146.9367705	153.0000000
143.0978291	155.7000000
141.9160032	142.2000000
134.0956872	137.4000000
141.2486263	148.8000000
154.5327197	174.6000000
178.5883615	213.9000000
209.3426760	255.6000000
234.9567477	222.3000000
218.0253690	220.5000000
215.0809522	225.0000000
219.4198954	244.8000000
236.3581520	221.1000000
221.3117769	225.3000000
210.4759192	250.5000000
214.4305245	182.4000000
177.0487748	158.7000000
161.7161022	179.4000000
164.3336351	190.8000000
170.7167736	204.3000000
179.1307335	168.0000000
164.2711145	155.4000000
155.2783169	167.4000000
159.9991071	163.8000000
158.6748335	190.5000000
170.8757173	163.8000000
157.0007679	142.2000000
144.7222202	141.6000000
146.9281169	155.4000000
163.7644759	176.4000000
189.0631329	216.0000000
212.8757085	219.3000000
218.9165824	226.8000000
222.3383836	242.1000000
235.0552135	230.7000000
228.0715610	245.1000000
235.8081984	243.3000000
238.7083231	273.0000000
244.8241292	239.1000000
221.2977493	203.4000000
196.6553055	155.1000000
168.7974392	171.9000000
177.7752946	164.7000000
169.1756807	166.5000000
165.8872029	166.8000000
164.0903343	149.1000000
154.1409531	153.3000000
160.4182794	154.5000000
157.9142453	143.7000000
148.4505086	163.8000000
154.2369602	166.5000000
157.6408344	138.3000000
148.3865675	157.2000000
166.3102270	184.5000000
187.0412407	206.1000000
206.2619960	221.4000000
220.7864335	208.8000000
215.7828361	202.8000000
215.0621193	204.0000000
214.6935078	188.4000000
212.7521922	198.0000000
212.7673617	226.8000000
221.5632066	191.4000000
190.8887310	159.6000000
168.1161919	165.6000000
163.6347793	186.6000000
175.3796562	198.0000000
182.9644450	151.5000000
156.8191084	160.2000000
157.2549043	146.4000000
148.2708678	151.5000000
148.5974455	149.4000000
150.2845093	156.0000000
155.0456650	151.2000000
149.7683043	152.1000000
151.4190385	140.4000000
149.2533104	136.2000000
153.8379252	152.7000000
168.6936039	157.2000000
173.0537510	185.4000000
188.0723249	219.0000000
207.1184303	199.2000000
197.0301466	201.3000000
198.1247669	191.1000000
197.0666377	198.6000000
197.0172430	168.9000000
175.2141737	168.9000000
168.5088217	168.0000000
168.7229133	127.5000000
151.5267509	147.0000000
152.7364282	168.0000000
162.8955695	147.0000000
148.4110276	140.1000000
144.2354452	140.4000000
141.9866007	153.9000000
150.4358066	146.1000000
146.9052305	154.8000000
151.6230764	140.1000000
141.8057632	132.3000000
135.0018474	99.9000000
118.4091274	110.1000000
122.7400172	169.5000000
161.0096583	188.7000000
185.2193257	171.3000000
180.9139896	192.0000000
192.6250549	167.7000000
177.6121942	176.1000000
181.4045594	234.9000000
207.0167286	234.0000000
209.8361008	206.7000000
194.5081315	174.3000000
167.4654187	154.2000000
153.3910353	148.5000000
149.8565668	129.3000000
137.9949190	126.3000000
133.4361041	115.5000000
124.5232482	128.4000000
132.2888443	143.1000000
140.6033507	135.6000000
140.3072624	135.6000000
137.5584056	137.4000000
136.3190001	140.1000000
130.1336117	142.5000000
130.1829267	124.5000000
129.9341316	138.6000000
145.2454753	150.9000000
155.6789674	169.5000000
170.9847101	182.4000000
175.4973302	202.5000000
189.0643587	191.1000000
194.4950384	183.6000000
195.6105888	192.9000000
199.3852840	185.1000000
187.5832079	212.1000000
193.0128379	202.8000000
184.7489472	169.2000000
161.3183574	148.2000000
144.4446015	169.2000000
149.0353949	173.7000000
153.7607469	156.6000000
148.5769322	151.5000000
145.4628705	141.6000000
139.8301750	138.3000000
136.7766822	147.0000000
141.4886907	143.1000000
140.8441088	148.5000000
140.7531463	129.3000000
132.1622251	119.7000000
127.5195395	109.2000000
126.0886158	155.7000000
154.5497025	207.9000000
192.0064224	189.9000000
188.9354435	197.7000000
192.6568746	212.1000000
200.5018219	186.0000000
186.7613580	186.6000000
190.4224943	204.3000000
198.9048414	196.8000000
191.7814201	167.4000000
168.7186305	164.7000000
163.9362874	174.3000000
168.7063634	174.3000000
168.5109037	198.9000000
179.9497522	192.0000000
174.6579236	169.5000000
161.0791191	174.3000000
162.0284000	168.3000000
158.2532312	183.0000000
167.1311361	141.6000000
142.7253190	144.0000000
138.1852011	146.7000000
134.2092516	134.4000000
134.7003717	134.7000000
146.4049860	201.3000000
186.3032344	177.9000000
183.5818746	179.4000000
186.3602377	186.3000000
186.3947206	187.5000000
186.8593379	179.1000000
183.8040465	164.4000000
175.4960780	169.5000000
172.1866593	145.8000000
156.0995434	138.3000000
149.4609316	133.5000000
146.0794122	137.4000000
152.7948733	151.8000000
161.4264762	162.9000000
165.9912793	170.7000000
169.9679680	160.5000000
