15.8353063	15.3353558	16.9305501	15.3472691	11.3876084	2.0000000	-1.0000000	10.0000000	10.0000000	10.0000000	60.0000000	0.0000000	120.0000000	0.0000000	672.0000000	672.0000000	0.3294118	1344.0000000	0.0000000	0.0000000	2400.0000000	0.0000000	0.0000000	9.0000000	
14.4886386	12.2318069	16.1937718	14.3421169	9.0836601	0.0000000	-1.0000000	10.0000000	1000.0000000	10.0000000	60.0000000	0.0000000	120.0000000	0.0000000	672.0000000	672.0000000	0.3294118	1344.0000000	0.0000000	0.0000000	2400.0000000	0.0000000	0.0000000	1443551401.0000000	
14.1446573	11.7857369	17.0162449	19.2436000	9.3930367	0.0000000	-1.0000000	10.0000000	10.0000000	10.0000000	60.0000000	0.0000000	120.0000000	0.0000000	672.0000000	672.0000000	0.3294118	1344.0000000	0.0000000	0.0000000	2400.0000000	0.0000000	0.0000000	1443551548.0000000	
14.4908343	12.0963559	14.6246004	14.5033185	9.9995382	0.0000000	-1.0000000	10.0000000	10.0000000	10.0000000	60.0000000	0.0000000	120.0000000	0.0000000	672.0000000	672.0000000	0.3294118	1344.0000000	0.0000000	0.0000000	2400.0000000	0.0000000	0.0000000	1443551553.0000000	
11.9206052	12.6839224	12.2439734	12.4747130	9.1862953	0.0000000	-1.0000000	10.0000000	10.0000000	10.0000000	60.0000000	5.0000000	120.0000000	0.0000000	672.0000000	672.0000000	0.3294118	1344.0000000	0.0000000	0.0000000	2400.0000000	0.0000000	0.0000000	1443551766.0000000	
11.2752986	13.0561358	13.5086713	10.5123741	7.6971294	0.0000000	-1.0000000	10.0000000	10.0000000	10.0000000	60.0000000	5.0000000	120.0000000	0.0000000	672.0000000	672.0000000	0.3294118	1344.0000000	0.0000000	0.0000000	2400.0000000	0.0000000	0.0000000	1443552390.0000000	
17.1148634	14.3948328	14.9041820	14.1244156	9.5740873	0.0000000	-1.0000000	10.0000000	10.0000000	10.0000000	60.0000000	0.0000000	120.0000000	0.0000000	672.0000000	672.0000000	0.3294118	1344.0000000	0.0000000	0.0000000	2400.0000000	0.0000000	0.0000000	1443552455.0000000	
17.2279734	14.5699549	17.4272542	30.9865988	11.7069702	0.0000000	-1.0000000	10.0000000	10.0000000	10.0000000	60.0000000	0.0000000	120.0000000	0.0000000	672.0000000	672.0000000	0.3294118	1344.0000000	0.0000000	0.0000000	2400.0000000	0.0000000	0.0000000	1443553499.0000000	
16.0852565	16.1019199	16.0603342	13.5283979	11.1670773	0.0000000	-1.0000000	10.0000000	1000.0000000	10.0000000	60.0000000	0.0000000	120.0000000	0.0000000	672.0000000	672.0000000	0.3294118	1344.0000000	0.0000000	0.0000000	2400.0000000	0.0000000	0.0000000	1443553827.0000000	
13.6458212	14.6708329	16.5338736	15.1205031	10.2777920	0.0000000	-1.0000000	10.0000000	1000.0000000	10.0000000	60.0000000	0.0000000	120.0000000	0.0000000	672.0000000	672.0000000	0.3294118	1344.0000000	0.0000000	0.0000000	2400.0000000	0.0000000	0.0000000	1443554099.0000000	
10.0676670	9.8012691	12.6467508	12.1503071	8.3508331	2.0000000	1.0000000	10.0000000	1000.0000000	10.0000000	60.0000000	0.0000000	120.0000000	0.0000000	672.0000000	672.0000000	0.3294118	1344.0000000	0.0000000	0.0000000	2400.0000000	0.0000000	0.0000000	1443571769.0000000	
10.9305596	13.3541529	15.5133187	13.7695461	8.0073897	2.0000000	1.0000000	10.0000000	500.0000000	10.0000000	60.0000000	0.0000000	120.0000000	0.0000000	672.0000000	672.0000000	0.3294118	1344.0000000	0.0000000	0.0000000	2400.0000000	0.0000000	0.0000000	1443572010.0000000	
13.9631346	12.6961771	18.2663070	20.5693359	10.8481291	2.0000000	1.0000000	10.0000000	5000.0000000	10.0000000	60.0000000	0.0000000	120.0000000	0.0000000	672.0000000	672.0000000	0.3294118	1344.0000000	0.0000000	0.0000000	2400.0000000	0.0000000	0.0000000	1443572064.0000000	
23.4064828	17.0077998	24.6789974	29.6493626	12.9269472	2.0000000	-1.0000000	10.0000000	5000.0000000	10.0000000	60.0000000	0.0000000	120.0000000	0.0000000	672.0000000	672.0000000	0.3294118	1344.0000000	0.0000000	0.0000000	2400.0000000	0.0000000	0.0000000	1443572209.0000000	
12.3207010	11.5751147	16.4077669	17.3143946	10.6208247	2.0000000	0.8000000	10.0000000	5000.0000000	10.0000000	60.0000000	0.0000000	120.0000000	0.0000000	672.0000000	672.0000000	0.3294118	1344.0000000	0.0000000	0.0000000	2400.0000000	0.0000000	0.0000000	1443572355.0000000	
15.9373956	12.9483078	17.8981646	20.4212951	11.0428203	2.0000000	0.3000000	10.0000000	5000.0000000	10.0000000	60.0000000	0.0000000	120.0000000	0.0000000	672.0000000	672.0000000	0.3294118	1344.0000000	0.0000000	0.0000000	2400.0000000	0.0000000	0.0000000	1443572585.0000000	
14.4322668	12.9578264	18.3583536	20.5817287	7.8588899	2.0000000	0.3000000	10.0000000	10.0000000	10.0000000	60.0000000	0.0000000	120.0000000	0.0000000	672.0000000	672.0000000	0.3294118	1344.0000000	0.0000000	0.0000000	2400.0000000	0.0000000	0.0000000	1443572851.0000000	
12.6041916	10.7688185	14.8738400	13.9347311	10.8569964	2.0000000	0.3000000	10.0000000	500.0000000	100.0000000	600.0000000	0.0000000	120.0000000	0.0000000	672.0000000	672.0000000	0.3294118	1344.0000000	0.0000000	0.0000000	2400.0000000	0.0000000	0.0000000	1443572879.0000000	
11.1068157	10.0743811	13.9331508	13.0379041	7.8811067	2.0000000	0.3000000	10.0000000	500.0000000	100.0000000	600.0000000	0.0000000	120.0000000	0.0000000	672.0000000	672.0000000	0.3294118	1344.0000000	0.0000000	0.0000000	2400.0000000	0.0000000	0.0000000	1443572900.0000000	
10.9964507	10.9067641	13.8746024	13.3298243	10.4205735	2.0000000	0.3000000	10.0000000	1000.0000000	100.0000000	600.0000000	0.0000000	120.0000000	0.0000000	672.0000000	672.0000000	0.3294118	673.0000000	0.0000000	0.0000000	2400.0000000	0.0000000	0.0000000	1443573751.0000000	
10.5592206	12.0777245	14.0325675	13.7693186	8.3794447	2.0000000	0.3000000	10.0000000	1000.0000000	100.0000000	600.0000000	5.0000000	120.0000000	0.0000000	672.0000000	672.0000000	0.3294118	1344.0000000	0.0000000	0.0000000	2400.0000000	0.0000000	0.0000000	1443576254.0000000	
8.1818694	7.8446245	9.1978085	7.6008637	8.5037194	2.0000000	0.3000000	10.0000000	1000.0000000	100.0000000	600.0000000	5.0000000	120.0000000	0.0000000	672.0000000	672.0000000	0.3294118	1344.0000000	0.0000000	0.0000000	2400.0000000	0.0000000	0.0000000	1443576372.0000000	
9.8747537	10.4191262	13.3467167	13.4757412	8.6471814	2.0000000	0.5000000	10.0000000	500.0000000	100.0000000	600.0000000	5.0000000	120.0000000	0.0000000	672.0000000	672.0000000	0.3294118	1344.0000000	0.0000000	0.0000000	2400.0000000	0.0000000	0.0000000	1443576518.0000000	
9.1561289	9.4471636	10.2073194	10.0275492	8.3835598	2.0000000	0.5000000	10.0000000	1000.0000000	100.0000000	600.0000000	5.0000000	120.0000000	0.0000000	672.0000000	672.0000000	0.3294118	1344.0000000	0.0000000	0.0000000	2400.0000000	0.0000000	0.0000000	1443576815.0000000	
10.8089017	12.3347866	12.8753975	15.2145181	8.2530332	2.0000000	0.5000000	500.0000000	126.0000000	100.0000000	600.0000000	5.0000000	120.0000000	0.0000000	672.0000000	672.0000000	0.3294118	1344.0000000	0.0000000	0.0000000	0.0000000	0.0000000	0.0000000	1000.0000000	1443789510.0000000	
9.9567110	11.1208758	11.9627111	12.0801094	8.4788529	2.0000000	0.5000000	500.0000000	234.0000000	100.0000000	600.0000000	5.0000000	120.0000000	0.0000000	672.0000000	672.0000000	0.3294118	1344.0000000	0.0000000	0.0000000	0.0000000	0.0000000	0.0000000	1000.0000000	1443789728.0000000	
9.1835312	7.6388430	9.7434353	7.5660786	8.1023492	2.0000000	0.5000000	500.0000000	14.0000000	100.0000000	600.0000000	5.0000000	120.0000000	0.0000000	672.0000000	672.0000000	0.3294118	1344.0000000	0.0000000	0.0000000	0.0000000	0.0000000	0.0000000	1000.0000000	1443789871.0000000	
8.6053857	7.6177082	9.1765401	8.2298633	8.4646815	2.0000000	0.5000000	500.0000000	21.0000000	100.0000000	600.0000000	5.0000000	120.0000000	0.0000000	672.0000000	672.0000000	0.3294118	1344.0000000	0.0000000	0.0000000	0.0000000	0.0000000	0.0000000	1000.0000000	1443790084.0000000	
9.0643947	9.9435277	9.7453042	8.7705062	7.8723349	2.0000000	0.5000000	500.0000000	31.0000000	100.0000000	600.0000000	5.0000000	120.0000000	0.0000000	672.0000000	672.0000000	0.3294118	1344.0000000	0.0000000	0.0000000	0.0000000	0.0000000	0.0000000	1000.0000000	1443790535.0000000	
14.3908759	15.2696606	6.9436261	19.5816528	8.0988787	2.0000000	0.5000000	100.0000000	21.0000000	100.0000000	600.0000000	5.0000000	120.0000000	0.0000000	672.0000000	672.0000000	0.3294118	1344.0000000	0.0000000	0.0000000	0.0000000	0.0000000	0.0000000	1000.0000000	1443791678.0000000	
8.8059696	8.6038776	8.6100907	8.3786388	8.6138137	2.0000000	0.5000000	100.0000000	827.0000000	100.0000000	600.0000000	5.0000000	120.0000000	0.0000000	672.0000000	672.0000000	0.3294118	1344.0000000	0.0000000	0.0000000	0.0000000	0.0000000	0.0000000	1000.0000000	1443791719.0000000	
8.7519120	8.5229241	8.4547681	8.4022431	8.4676663	2.0000000	0.5000000	100.0000000	419.0000000	100.0000000	600.0000000	5.0000000	120.0000000	0.0000000	672.0000000	672.0000000	0.3294118	1344.0000000	0.0000000	0.0000000	0.0000000	0.0000000	0.0000000	1000.0000000	1443792279.0000000	
8.5531132	8.9319924	9.3413398	10.0652077	8.2644310	2.0000000	0.5000000	100.0000000	127.0000000	100.0000000	600.0000000	2.0000000	120.0000000	0.0000000	672.0000000	672.0000000	0.3294118	1344.0000000	0.0000000	0.0000000	0.0000000	0.0000000	0.0000000	1000.0000000	1443792758.0000000	
8.6911736	8.9686012	9.2605744	9.3097827	8.2657593	2.0000000	0.5000000	100.0000000	34.0000000	100.0000000	600.0000000	2.0000000	120.0000000	0.0000000	672.0000000	672.0000000	0.3294118	1344.0000000	0.0000000	0.0000000	0.0000000	0.0000000	0.0000000	1000.0000000	1443797287.0000000	
8.8192361	8.6158454	8.5900472	8.3999171	8.7293806	2.0000000	0.5000000	100.0000000	926.0000000	100.0000000	600.0000000	2.0000000	120.0000000	0.0000000	672.0000000	672.0000000	0.3294118	1344.0000000	0.0000000	0.0000000	0.0000000	0.0000000	0.0000000	1000.0000000	1443798520.0000000	
9.9657008	9.8987078	10.3687437	10.0804532	9.6792732	2.0000000	0.5000000	100.0000000	990.0000000	100.0000000	600.0000000	2.0000000	120.0000000	0.0000000	672.0000000	672.0000000	0.3294118	1344.0000000	0.0000000	0.0000000	0.0000000	0.0000000	0.0000000	1000.0000000	1443798709.0000000	
10.2323906	9.4258021	11.4061458	8.9386444	9.4904985	2.0000000	0.5000000	100.0000000	76.0000000	100.0000000	600.0000000	2.0000000	120.0000000	0.0000000	672.0000000	672.0000000	0.3294118	1344.0000000	0.0000000	0.0000000	0.0000000	0.0000000	0.0000000	1000.0000000	1443803328.0000000	
11.2498569	9.7541226	12.4688721	11.1123544	7.8185664	2.0000000	0.5000000	100.0000000	1040.0000000	100.0000000	600.0000000	2.0000000	120.0000000	0.0000000	168.0000000	672.0000000	0.3294118	840.0000000	0.0000000	0.0000000	0.0000000	0.0000000	0.0000000	1000.0000000	1443803365.0000000	
8.1905478	8.0736637	9.5226299	7.6601065	8.5160982	2.0000000	0.5000000	100.0000000	260.0000000	100.0000000	600.0000000	2.0000000	120.0000000	0.0000000	672.0000000	672.0000000	0.3294118	1344.0000000	0.0000000	0.0000000	0.0000000	0.0000000	0.0000000	1000.0000000	1443803501.0000000	
8.9706872	8.0637654	9.6406236	7.4022536	8.6926404	2.0000000	0.5000000	100.0000000	219.0000000	100.0000000	600.0000000	2.0000000	120.0000000	0.0000000	696.0000000	672.0000000	0.3294118	1368.0000000	0.0000000	0.0000000	0.0000000	0.0000000	0.0000000	1000.0000000	1443803992.0000000	
22.6147971	32.5732107	28.6355364	26.8513924	0.0030981	2.0000000	0.5000000	100.0000000	32.0000000	100.0000000	600.0000000	2.0000000	120.0000000	0.0000000	10.0000000	672.0000000	0.3294118	682.0000000	0.0000000	0.0000000	0.0000000	0.0000000	0.0000000	1000.0000000	1443804013.0000000	
9.4360374	9.2203304	11.0855157	7.9737223	8.0979422	2.0000000	0.5000000	100.0000000	27.0000000	100.0000000	600.0000000	2.0000000	120.0000000	0.0000000	672.0000000	672.0000000	0.3294118	1344.0000000	0.0000000	0.0000000	0.0000000	0.0000000	0.0000000	1000.0000000	1443807255.0000000	
9.6604710	9.2016621	10.3681030	8.8549823	9.7124965	2.0000000	0.5000000	100.0000000	104.0000000	100.0000000	600.0000000	2.0000000	2.0000000	0.0000000	672.0000000	672.0000000	0.3294118	1344.0000000	0.0000000	0.0000000	0.0000000	0.0000000	0.0000000	1000.0000000	9.0000000	
