3.0265169	2092.8750006	0.0033857	0.7550512	2.9556919	
3.0266993	2092.3398494	0.0033854	0.7550298	2.9554931	
3.0280299	2092.2458764	0.0033863	0.7553680	2.9562035	
3.0268008	2092.6975883	0.0033853	0.7551326	2.9553294	
3.0269480	2092.3963188	0.0033852	0.7551366	2.9552722	
2.9886723	2100.0397792	0.0033227	0.7429666	2.9007034	
2.9879667	2100.9560787	0.0033216	0.7427127	2.8998000	
2.9953226	2095.5559932	0.0033331	0.7446615	2.9097805	
2.9984856	2094.5249770	0.0033357	0.7454078	2.9120353	
2.9977455	2095.0181687	0.0033358	0.7452341	2.9121122	
2.9915256	2095.8999528	0.0033270	0.7437807	2.9045109	
2.9905429	2098.4751096	0.0033263	0.7434931	2.9038522	
2.9907863	2097.2551062	0.0033267	0.7436564	2.9042398	
2.9909999	2097.0859629	0.0033269	0.7437043	2.9043872	
2.9925359	2100.7040853	0.0033195	0.7423869	2.8979533	
2.9869407	2102.1571094	0.0033129	0.7411882	2.8921762	
2.9871511	2102.0737531	0.0033128	0.7411593	2.8920956	
2.9850596	2102.3948384	0.0033106	0.7406557	2.8901196	
2.9840624	2102.9170720	0.0033093	0.7403692	2.8890425	
2.9817306	2107.2138766	0.0033061	0.7396297	2.8862447	
2.9834902	2105.5960701	0.0033084	0.7401230	2.8881930	
3.0286345	2086.3071886	0.0033925	0.7560594	2.9616172	
3.0273979	2086.8749834	0.0033912	0.7558028	2.9605400	
3.0288258	2086.0952674	0.0033920	0.7559903	2.9611843	
3.0333646	2083.0159421	0.0033979	0.7570208	2.9663550	
3.0324327	2083.5264511	0.0033971	0.7568538	2.9656248	
3.0322360	2084.8979384	0.0033939	0.7565080	2.9628647	
3.0280227	2087.1514706	0.0033901	0.7554444	2.9595777	
3.0255847	2087.6023643	0.0033870	0.7549119	2.9568227	
3.0317241	2084.0522149	0.0033964	0.7566932	2.9650620	
2.9836677	2107.4532123	0.0033083	0.7400760	2.8881136	
3.0292521	2087.2773032	0.0033936	0.7562729	2.9625777	
3.0280943	2088.0132761	0.0033924	0.7559536	2.9615465	
3.0275520	2091.3602206	0.0033898	0.7554830	2.9592873	
3.0318650	2087.1296316	0.0033945	0.7563601	2.9634235	
3.0332912	2087.0681638	0.0033960	0.7566798	2.9646683	
3.0337261	2083.4674159	0.0033985	0.7571411	2.9668879	
3.0341766	2086.2426881	0.0033965	0.7570772	2.9651632	
3.0302394	2088.0105134	0.0033928	0.7560124	2.9619195	
3.0288522	2088.1340339	0.0033914	0.7556907	2.9606597	
3.0331522	2084.2265972	0.0033981	0.7570529	2.9665658	
3.0318414	2084.4213282	0.0033968	0.7567524	2.9654030	
3.0279611	2089.6021708	0.0033870	0.7552961	2.9568474	
3.0310667	2087.7938537	0.0033933	0.7562531	2.9623903	
3.0286341	2089.4168280	0.0033876	0.7554093	2.9573958	
3.0265169	2092.8750006	0.0033857	0.7550512	2.9556919	
3.0266993	2092.3398494	0.0033854	0.7550298	2.9554931	
3.0280299	2092.2458764	0.0033863	0.7553680	2.9562035	
3.0268008	2092.6975883	0.0033853	0.7551326	2.9553294	
3.0269480	2092.3963188	0.0033852	0.7551366	2.9552722	
2.9886723	2100.0397792	0.0033227	0.7429666	2.9007034	
2.9879667	2100.9560787	0.0033216	0.7427127	2.8998000	
2.9953226	2095.5559932	0.0033331	0.7446615	2.9097805	
2.9984856	2094.5249770	0.0033357	0.7454078	2.9120353	
2.9977455	2095.0181687	0.0033358	0.7452341	2.9121122	
2.9915256	2095.8999528	0.0033270	0.7437807	2.9045109	
2.9905429	2098.4751096	0.0033263	0.7434931	2.9038522	
2.9907863	2097.2551062	0.0033267	0.7436564	2.9042398	
2.9909999	2097.0859629	0.0033269	0.7437043	2.9043872	
2.9925359	2100.7040853	0.0033195	0.7423869	2.8979533	
2.9869407	2102.1571094	0.0033129	0.7411882	2.8921762	
2.9871511	2102.0737531	0.0033128	0.7411593	2.8920956	
2.9850596	2102.3948384	0.0033106	0.7406557	2.8901196	
2.9840624	2102.9170720	0.0033093	0.7403692	2.8890425	
3.8108808	inf	2567.3986318	0.0041901	0.9430359	3.6579218	
3.8088896	inf	2574.0745954	0.0041781	0.9410863	3.6474728	
3.8048871	inf	2575.0700721	0.0041695	0.9384379	3.6399902	
3.7942837	inf	2581.2258841	0.0041567	0.9351554	3.6288266	
3.7912453	inf	2577.5967925	0.0041596	0.9362557	3.6313223	
3.7897457	inf	2585.5561418	0.0041565	0.9350836	3.6286408	
3.8017067	inf	2574.2739148	0.0041733	0.9395816	3.6432815	
3.7954928	inf	2576.2787705	0.0041739	0.9387531	3.6438262	
3.7960830	inf	2568.4508094	0.0041843	0.9414094	3.6529024	
3.8222827	inf	2562.5209581	0.0042098	0.9459778	3.6751640	
3.8038868	inf	2573.7801618	0.0041918	0.9410936	3.6594092	
3.8047785	inf	2562.7752271	0.0041932	0.9430010	3.6606217	
6.5681465	11712.4916692	4875.3841510	0.0075924	1.5612888	6.6281673	
4.4727511	4128806.0730167	3160.7127331	0.0049634	1.0870898	4.3330257	
4.1871889	4659094.4664958	2984.1151588	0.0046245	1.0214768	4.0372019	
4.0248500	4727033.2771890	2867.2658908	0.0044303	0.9858926	3.8676261	
4.1392642	4727032.7724630	2945.7980252	0.0045665	1.0107003	3.9865192	
4.4726201	3918585.1423154	3199.3207525	0.0049775	1.0870528	4.3453889	
4.1772689	4727029.7088248	2977.8066537	0.0046124	1.0190874	4.0266209	
4.1774060	4725944.5522144	2977.9538641	0.0046126	1.0191174	4.0267677	
4.4836923	4087757.2069463	3169.9708481	0.0049793	1.0892962	4.3469507	
4.2019214	4577015.0646792	2998.0564648	0.0046427	1.0247701	4.0530918	
5.6066583	3110146.2813340	3937.3570261	0.0062870	1.3477405	5.4885355	
4.1379549	4727032.8658019	2943.2326235	0.0045663	1.0107703	3.9864178	
4.1772719	4727001.8477282	2977.8103048	0.0046124	1.0190879	4.0266236	
4.1852853	4673136.0446207	2986.1513527	0.0046224	1.0208521	4.0353130	
4.1336249	4727032.4076702	2908.5482346	0.0045545	1.0112261	3.9760364	
4.1217492	4727032.8916849	2923.0893812	0.0045464	1.0070670	3.9690393	
4.1773726	4726295.8452836	2977.9163187	0.0046125	1.0191101	4.0267322	
4.1864335	4673136.0438149	2986.8889724	0.0046236	1.0211113	4.0364284	
5.1845164	3110146.4371310	3688.1211665	0.0058839	1.2523428	5.1366636	
5.3287183	510523.3321566	4033.7551553	0.0061117	1.2813100	5.3354741	
3.8615134	7002598.3149103	2680.5992149	0.0042411	0.9508886	3.7024950	
4.9484331	3305308.1868317	3502.3211578	0.0055831	1.1983538	4.8740203	
4.2219961	4136202.1695751	3034.2582999	0.0046657	1.0281894	4.0731997	
3.8580236	7002598.2863640	2689.3971916	0.0042350	0.9491655	3.6971709	
3.8614077	6942483.1632360	2685.0841336	0.0042404	0.9506064	3.7018895	
3.8646925	6960038.8279779	2634.5331802	0.0042535	0.9535637	3.7132641	
3.8972518	6623107.7236384	2645.4858441	0.0042760	0.9600133	3.7329768	
3.8329804	7002598.5413179	2618.4914971	0.0042160	0.9463325	3.6805515	
3.8819892	5798016.4214703	2685.1986635	0.0042542	0.9535128	3.7138763	
3.8727001	6628988.5893252	2698.5099915	0.0042481	0.9519549	3.7085994	
5.5168327	178248.7461184	4222.7789778	0.0063513	1.3222101	5.5446714	
3.8341143	7459911.1071946	2670.3988223	0.0042126	0.9450808	3.6775788	
3.9742898	5705207.8726826	2777.6280552	0.0043670	0.9741986	3.8123642	
4.0730640	5250731.1298269	2863.2310595	0.0044852	0.9961614	3.9155558	
4.0172042	5436058.1345033	2815.1910348	0.0044189	0.9836168	3.8576682	
3.9841761	5687228.3955108	2785.5390771	0.0043788	0.9763841	3.8226974	
3.9683912	5797733.6667121	2773.6427832	0.0043599	0.9729062	3.8061740	
3.9683659	5798013.6528957	2773.6207682	0.0043598	0.9729010	3.8061485	
4.0191116	5422136.1610507	2816.8643916	0.0044203	0.9840057	3.8588840	
4.0082318	5488582.7243122	2804.0208627	0.0044074	0.9816826	3.8476845	
4.1117388	5227255.3065766	2857.6969824	0.0045274	1.0060231	3.9524086	
3.9683656	5798016.1888853	2773.6205335	0.0043598	0.9729009	3.8061482	
3.9683694	5797984.9451743	2773.6239730	0.0043599	0.9729013	3.8061506	
3.9743311	5742622.5459423	2778.7198958	0.0043668	0.9741723	3.8122021	
3.9684445	5797047.5937160	2773.6864110	0.0043599	0.9729175	3.8062275	
5.5740628	2474419.4375009	3943.1678827	0.0063215	1.3411125	5.5186753	
3.8695457	7002598.2954412	2682.0526718	0.0042467	0.9521026	3.7073562	
5.4358360	178306.7934358	4167.2522815	0.0062456	1.3029735	5.4524028	
4.2335691	4136202.1782355	3027.8467948	0.0046774	1.0311333	4.0834065	
3.8372677	7459911.0946159	2663.9041044	0.0042168	0.9460956	3.6813044	
4.2287018	4136202.1968536	3019.5126998	0.0046749	1.0309954	4.0811936	
3.8647052	7002598.1438582	2669.0568089	0.0042530	0.9530634	3.7128592	
3.8613737	6997582.2894739	2683.8549896	0.0042407	0.9508281	3.7021208	
3.8604414	7002595.0247685	2686.4215264	0.0042394	0.9504185	3.7010043	
3.8604437	7002464.1472665	2686.4234882	0.0042394	0.9504186	3.7010052	
3.8562045	7002598.2996852	2683.2581564	0.0042360	0.9495464	3.6979953	
3.8584820	7002598.3210113	2679.1694109	0.0042409	0.9513742	3.7023348	
3.8608345	7002598.3120045	2681.6654175	0.0042411	0.9509999	3.7025024	
3.8684022	6888643.5549528	2690.5128296	0.0042478	0.9519834	3.7083501	
3.8653790	7002598.3559186	2675.5376360	0.0042514	0.9538530	3.7114555	
3.8599160	7002598.2989494	2686.2898256	0.0042387	0.9502761	3.7003547	
3.8606835	7002598.2965788	2688.7800399	0.0042383	0.9500433	3.7000264	
3.8604438	7002565.5781853	2686.4219209	0.0042394	0.9504189	3.7010060	
3.8604412	7002597.9769172	2686.4213901	0.0042394	0.9504185	3.7010044	
4.8467682	3584013.7484237	3422.2496551	0.0054499	1.1749105	4.7577623	
3.8604411	7002590.0141558	2686.4216673	0.0042394	0.9504184	3.7010041	
3.8605075	7002598.2939900	2685.4588106	0.0042395	0.9504381	3.7010985	
3.8607348	7002598.5220731	2681.1482473	0.0042429	0.9512524	3.7040628	
3.8604407	7002558.4330329	2686.4227529	0.0042394	0.9504180	3.7010033	
3.8665195	6910673.3133438	2686.1487587	0.0042459	0.9518208	3.7066877	
3.8577947	7002598.3072158	2682.7937664	0.0042383	0.9500824	3.7000776	
3.8604570	7001927.5711611	2686.4316500	0.0042394	0.9504203	3.7010131	
6.0859777	123765.7591532	4549.4904876	0.0069878	1.4528998	6.1003715	
6.1360231	123618.0399413	4512.0696608	0.0070550	1.4663017	6.1590554	
6.3193599	15830.4031298	4697.7672354	0.0072818	1.5053140	6.3570022	
6.4453684	11774.4953953	4768.2436875	0.0074325	1.5341743	6.4886097	
6.3566094	12041.4807390	4728.9364848	0.0073280	1.5135401	6.3973398	
3.8316823	7960888.4585575	2638.1604003	0.0042176	0.9469439	3.6819297	
4.3061808	124337.1111193	3108.3311994	0.0047729	1.0509984	4.1667036	
7.5545623	11717.9531488	5493.7413473	0.0088462	1.7846636	7.7227343	
3.9745262	6268879.3474828	2780.3324447	0.0043699	0.9744123	3.8149403	
3.9729388	6343075.2932140	2778.2030617	0.0043679	0.9741491	3.8131961	
3.9728514	6343917.3199903	2778.1403160	0.0043678	0.9741301	3.8131054	
3.9728515	6343945.1813173	2778.1387459	0.0043678	0.9741304	3.8131065	
3.9809916	5798016.9329333	2778.9898235	0.0043774	0.9758846	3.8214367	
3.8904663	6343947.9542340	2692.2234330	0.0042680	0.9557771	3.7259421	
3.9728512	6343947.6954502	2778.1385072	0.0043678	0.9741303	3.8131061	
3.8380147	7404463.1115992	2667.4448323	0.0042196	0.9461503	3.6837147	
4.2271101	4136202.1782702	3033.6599496	0.0046740	1.0299670	4.0804156	
3.8417172	7459858.1858654	2648.0860983	0.0042356	0.9485464	3.6976397	
3.8040336	7459858.2252653	2638.1719080	0.0041805	0.9392166	3.6495360	
3.8522410	7131446.7149218	2672.3194028	0.0042344	0.9489599	3.6966538	
3.8438670	7349068.0607668	2669.6934737	0.0042262	0.9474311	3.6894832	
3.8456736	7459858.1872246	2665.0564541	0.0042285	0.9478933	3.6914921	
3.8476524	7383621.9838870	2667.7127912	0.0042318	0.9487734	3.6943446	
3.8873599	6960038.6234808	2691.0365792	0.0042740	0.9567283	3.7312200	
3.8498079	7140709.7168768	2671.2729834	0.0042304	0.9482559	3.6931230	
3.8395222	7404463.1252719	2666.8857472	0.0042218	0.9465951	3.6856178	
3.8671335	7459858.9845898	2634.7734541	0.0042726	0.9568579	3.7299735	
3.8504106	7002598.2741278	2673.2449182	0.0042296	0.9481542	3.6924042	
3.9742347	6320917.4176070	2775.4668787	0.0043711	0.9748295	3.8159648	
3.9784098	6290050.6920117	2779.2700792	0.0043736	0.9749823	3.8181102	
3.9727911	6343946.8412149	2775.2730436	0.0043694	0.9744771	3.8144637	
3.9774168	6290050.7078625	2779.5521655	0.0043747	0.9753743	3.8191243	
3.9727915	6343945.1979798	2775.2732570	0.0043694	0.9744772	3.8144639	
3.9809315	5798016.9495971	2776.1251626	0.0043789	0.9762314	3.8227941	
3.9795219	6268879.3859330	2779.1417039	0.0043776	0.9759825	3.8216357	
3.9776814	6320917.4239954	2774.8293228	0.0043749	0.9757881	3.8192869	
3.9727954	6343917.3366701	2775.2750235	0.0043694	0.9744779	3.8144672	
3.9728049	6343815.4551379	2775.2836790	0.0043694	0.9744800	3.8144776	
4.1921613	5535488.1137662	2915.3535947	0.0046361	1.0248128	4.0473369	
3.9856062	6343927.8499436	2774.7271070	0.0043865	0.9784902	3.8293888	
3.9889942	6343932.3856778	2773.3336950	0.0043845	0.9777756	3.8277081	
3.8454218	7234490.5354990	2644.2970755	0.0042251	0.9495902	3.6884877	
4.5578343	41085.4044429	3492.3726825	0.0050991	1.1055059	4.4514741	
5.5125179	35870.0208306	4203.2564832	0.0063481	1.3240016	5.5418676	
5.4995859	40902.9519247	4199.0602588	0.0063327	1.3205316	5.5284530	
5.5189904	12858.0559669	4218.0341603	0.0063582	1.3248305	5.5507128	
5.4031653	41028.1662729	4083.2604689	0.0062011	1.3017822	5.4135838	
5.4996440	40713.3372458	4199.1164097	0.0063328	1.3205445	5.5285198	
4.1237833	5751124.2390866	2858.9607111	0.0045450	1.0085344	3.9677444	
4.2036490	5693771.7339319	2902.1945523	0.0046430	1.0282924	4.0533704	
4.1807885	5735226.0911922	2887.4111893	0.0046132	1.0219823	4.0273614	
4.0591278	5790619.7057626	2777.7399688	0.0044628	0.9943204	3.8960088	
4.0995980	5790547.6782889	2847.3559647	0.0045227	1.0045142	3.9483509	
4.2141052	5535488.1757533	2905.8703996	0.0046588	1.0299450	4.0671184	
4.0146140	6320917.5102157	2771.3477533	0.0044181	0.9843596	3.8569936	
3.8766190	7488864.9089030	2625.1881174	0.0042775	0.9584363	3.7342617	
3.9864713	6657940.7648445	2688.4693162	0.0043950	0.9809262	3.8368533	
3.8830475	6960039.0658056	2627.1408435	0.0042828	0.9589892	3.7389179	
4.1514650	4165206.8595141	2952.1766269	0.0045767	1.0127712	3.9954350	
3.9001008	7488865.0399696	2621.9232798	0.0043156	0.9661099	3.7675621	
3.8956104	7488865.0026349	2623.8938843	0.0043071	0.9646507	3.7600700	
3.8838472	6628934.2284817	2702.9456426	0.0042631	0.9549483	3.7216431	
3.9322826	6833592.8106636	2695.0951335	0.0043234	0.9678480	3.7743408	
7.3511367	10197.0364521	5372.6903438	0.0085991	1.7387157	7.5070062	
7.4997851	6374.5486708	5385.5700003	0.0087994	1.7860813	7.6818824	
4.3099636	540871.1509936	3141.4333547	0.0047751	1.0520714	4.1686544	
4.0316532	4659093.4927270	2851.3255229	0.0044269	0.9854902	3.8647194	
4.0543260	4619238.3694154	2870.9305098	0.0044544	0.9906061	3.8886496	
4.0283974	4727028.7425402	2849.0883753	0.0044230	0.9847395	3.8612406	
4.1332869	4165206.7196370	2946.6353012	0.0045521	1.0083641	3.9739716	
4.0899122	4331849.5389861	2910.6992392	0.0044989	0.9984694	3.9275029	
4.0283970	4727031.5286489	2849.0879823	0.0044230	0.9847394	3.8612402	
3.9784802	4727031.7692272	2798.7315052	0.0043636	0.9738150	3.8093952	
4.0797752	4396449.8884948	2899.3280977	0.0044864	0.9962419	3.9166254	
3.9904140	4727031.7671858	2791.3454529	0.0043770	0.9766867	3.8211376	
4.0283973	4727026.4243836	2849.0885791	0.0044230	0.9847394	3.8612405	
4.1521300	3918583.3106247	2976.1900089	0.0045760	1.0124802	3.9948160	
3.9225182	5888488.3988791	2727.9344872	0.0043018	0.9624747	3.7554767	
3.9290513	6289926.1795197	2719.7184384	0.0043169	0.9653760	3.7686531	
3.9139752	4727032.9269431	2754.8079005	0.0042950	0.9613315	3.7495469	
4.0367827	4659093.4826839	2852.3430019	0.0044328	0.9868365	3.8698637	
3.9389347	5535486.7000494	2751.3768143	0.0043170	0.9652859	3.7687198	
4.0877265	4345384.6724296	2908.6373121	0.0044970	0.9980084	3.9259123	
3.9679371	4727031.8447800	2780.4137693	0.0043536	0.9719915	3.8007070	
4.0283985	4727010.5013241	2849.0904879	0.0044230	0.9847396	3.8612416	
4.0991345	4603334.4402186	2883.7513836	0.0045099	1.0031034	3.9371733	
4.0283998	4727000.8814366	2849.0912725	0.0044230	0.9847397	3.8612424	
4.0284130	4726884.4347100	2849.1057334	0.0044230	0.9847428	3.8612568	
4.0284956	4725943.5856215	2849.1982999	0.0044231	0.9847606	3.8613428	
4.0006575	4727031.7355719	2820.9869874	0.0043891	0.9785224	3.8317041	
3.8491184	7530242.6384972	2611.9592258	0.0042473	0.9532445	3.7079116	
3.8398644	7486918.0651101	2623.8245916	0.0042266	0.9483154	3.6897786	
3.8489916	7217763.4968790	2629.7282901	0.0042336	0.9494822	3.6959482	
3.8571108	7530242.6329088	2618.4319610	0.0042512	0.9551155	3.7112877	
3.8634293	7032433.0376344	2637.9624763	0.0042467	0.9522328	3.7073638	
3.8872675	7530242.3655897	2623.2496833	0.0042887	0.9624125	3.7440499	
3.8443853	7530242.5246385	2637.0397622	0.0042255	0.9480662	3.6888488	
3.8430232	7474847.3266752	2628.7091651	0.0042291	0.9488027	3.6920060	
3.8352077	7530242.5329629	2624.1254845	0.0042217	0.9471798	3.6855106	
3.8426421	7530242.5322763	2620.2057822	0.0042280	0.9485991	3.6910842	
3.8391766	7530242.3153665	2648.5156639	0.0042189	0.9467245	3.6831234	
3.8489428	7203841.3470828	2629.9073584	0.0042324	0.9493871	3.6948655	
3.8359229	7530242.5742410	2621.6436218	0.0042225	0.9474740	3.6862713	
3.8397900	7530242.5585297	2622.8698380	0.0042282	0.9487581	3.6912053	
3.8378383	7530242.5328242	2628.6223152	0.0042228	0.9471613	3.6864975	
5.0838172	326427.1882770	3803.8919412	0.0057913	1.2255121	5.0558024	
5.3183582	25269.3984195	4032.1276001	0.0061027	1.2781706	5.3276243	
5.0941767	358617.9439444	3798.9472097	0.0058019	1.2285890	5.0650636	
5.0994099	310238.9465004	3810.3510715	0.0058113	1.2293680	5.0732355	
5.1461228	123613.3848743	3852.3481160	0.0058741	1.2399973	5.1280969	
5.3227710	12100.6841691	4034.9700141	0.0061075	1.2791653	5.3318615	
5.1322532	230464.1668947	3841.0336899	0.0058501	1.2360014	5.1071266	
5.1442138	145909.2095383	3835.0931615	0.0058704	1.2404727	5.1248301	
5.1414744	145909.1973635	3856.3228924	0.0058672	1.2386582	5.1220660	
5.0327520	510520.7657027	3690.4596798	0.0057140	1.2405645	4.9882862	
5.1244605	291947.2342450	3818.8413908	0.0058342	1.2344210	5.0932838	
5.1203808	406178.4325557	3793.8867165	0.0058343	1.2367045	5.0933471	
5.1119487	486546.4827369	3758.4333668	0.0058219	1.2359099	5.0825071	
5.0786784	401613.8816489	3801.3701870	0.0057835	1.2243049	5.0490190	
5.3035802	74952.3068969	4014.7488465	0.0060822	1.2749332	5.3097962	
5.1240735	388989.9625992	3797.6689546	0.0058356	1.2366474	5.0944494	
3.9591083	6623107.5519593	2709.6259732	0.0043531	0.9744835	3.8002649	
3.9409766	6623107.8254541	2712.4236691	0.0043244	0.9691652	3.7752050	
3.8892958	6960005.9492471	2699.8325469	0.0042739	0.9570523	3.7311137	
3.8892942	6960030.3310813	2699.8319591	0.0042739	0.9570519	3.7311123	
3.8893281	6959195.8672263	2699.8481202	0.0042739	0.9570578	3.7311398	
3.8892944	6960022.1505422	2699.8323201	0.0042739	0.9570519	3.7311123	
3.9169879	6607272.2045198	2712.9467212	0.0043047	0.9628346	3.7579985	
3.9161875	6474635.3978073	2716.0992347	0.0043023	0.9623547	3.7559270	
3.8892943	6960035.3253418	2699.8317088	0.0042739	0.9570520	3.7311124	
3.8893094	6959769.5483441	2699.8398814	0.0042739	0.9570548	3.7311258	
3.8892942	6960038.2706797	2699.8316035	0.0042739	0.9570520	3.7311123	
3.8946510	6903061.2397301	2702.3088008	0.0042799	0.9581692	3.7363373	
3.8902143	6953770.9816751	2697.1438945	0.0042751	0.9574524	3.7321876	
3.8892946	6959998.5437902	2699.8333622	0.0042739	0.9570517	3.7311124	
3.8489603	7459858.7921546	2629.2503816	0.0042463	0.9518768	3.7070028	
3.8966519	7459858.6107592	2625.9193296	0.0043065	0.9657458	3.7595425	
7.2136879	10504.6233828	5163.9742941	0.0083635	1.7060775	7.3013654	
3.8283751	7002598.2027470	2653.9735866	0.0042017	0.9437292	3.6680431	
3.8467891	6960038.4139114	2661.3572819	0.0042224	0.9477002	3.6861750	
3.9092050	6936562.5793281	2689.1764380	0.0042992	0.9633303	3.7532056	
3.8197847	7145368.7565844	2650.1655483	0.0041933	0.9419281	3.6607787	
3.8395267	7459858.4284890	2646.9118791	0.0042289	0.9499849	3.6918661	
3.8364264	7162096.1059508	2648.3847822	0.0042165	0.9482223	3.6809997	
3.8304968	7540444.2146107	2619.1863401	0.0042170	0.9461753	3.6814456	
3.8379441	7540444.1049156	2615.6134087	0.0042274	0.9484478	3.6905147	
3.9399900	4659088.3511841	2762.5166757	0.0043190	0.9652622	3.7704586	
4.0274451	4657965.2770518	2847.4938462	0.0044239	0.9845982	3.8620605	
4.3450507	2997288.3569875	3134.7149477	0.0048238	1.0570339	4.2111855	
4.0273836	4658526.8592900	2847.4468940	0.0044238	0.9845820	3.8619950	
4.0071443	4659012.9769011	2825.0568151	0.0043987	0.9801591	3.8400997	
3.9023521	6931275.3605093	2649.0639582	0.0042949	0.9624957	3.7494328	
3.9252613	6881076.0439215	2657.2536427	0.0043210	0.9666890	3.7722007	
3.8866116	6937317.7328354	2639.1026521	0.0042771	0.9582211	3.7338942	
3.8303225	7540443.7233523	2647.9035159	0.0042066	0.9458054	3.6723939	
3.8183681	7540443.6754214	2655.1602397	0.0041913	0.9410359	3.6590324	
3.8284230	7540443.7654323	2644.7427026	0.0042114	0.9464392	3.6765564	
3.8178477	7540443.6783208	2655.6079345	0.0041911	0.9409759	3.6587927	
3.8261859	7468049.0463677	2648.4945479	0.0042114	0.9454533	3.6765162	
3.8209740	7139755.0689953	2649.4220020	0.0041963	0.9422462	3.6633561	
3.8492842	6953770.3446950	2661.0658680	0.0042279	0.9483555	3.6909474	
3.8250612	7130219.6225584	2650.0246013	0.0042020	0.9433533	3.6683247	
3.8175512	6997581.7532338	2650.0307038	0.0041905	0.9411838	3.6582950	
3.8308518	6997582.1216196	2615.9688861	0.0042154	0.9459110	3.6800382	
3.8580893	6935493.1858774	2682.0002862	0.0042385	0.9498923	3.7002092	
3.8739637	6613385.6607301	2701.3407147	0.0042525	0.9519426	3.7123915	
4.0584201	3823342.8825721	2863.2761879	0.0044683	0.9934014	3.9008185	
3.9080900	5087975.7915525	2688.7738508	0.0043029	0.9625426	3.7563897	
4.4431059	3139245.9272742	3065.4206081	0.0049273	1.0818097	4.3015318	
4.0016651	4659089.5210432	2760.9945753	0.0044009	0.9814547	3.8419808	
3.9150139	5045312.0265668	2693.3509004	0.0043064	0.9637546	3.7594715	
4.0225279	4105153.1629140	2841.5835529	0.0044254	0.9852087	3.8634100	
4.0282186	4216627.5392820	2840.8705517	0.0044311	0.9866120	3.8683225	
4.1328087	3518724.5665512	2910.1010188	0.0045588	1.0108377	3.9798074	
4.0537445	3828059.6235459	2754.8575026	0.0044846	1.0002424	3.9150429	
4.2186663	3201161.4959963	2952.3421119	0.0046570	1.0303721	4.0655429	
4.1068612	3679106.1269389	2893.7632642	0.0045248	1.0043507	3.9501703	
4.0501964	3828185.7867772	2864.3027923	0.0044574	0.9911886	3.8913291	
3.9405907	4659089.8500083	2715.3206428	0.0043329	0.9687070	3.7825968	
3.8632113	5150551.1228545	2658.2936054	0.0042485	0.9522886	3.7089442	
4.1783045	3409961.0805906	2940.4063313	0.0046125	1.0206702	4.0267479	
4.1495427	3675277.9257948	2905.4080077	0.0045784	1.0157108	3.9969338	
4.4661582	2997289.6620618	3100.1258340	0.0049684	1.0879097	4.3374444	
4.1656271	3267195.1701859	2943.3735500	0.0045950	1.0172582	4.0114321	
4.0479215	3938972.6844843	2858.3170437	0.0044552	0.9908021	3.8894241	
4.9680603	2938.4162386	3769.1082612	0.0056295	1.2001756	4.9145266	
4.4782391	78505.4832209	3409.9980639	0.0049974	1.0863629	4.3627335	
4.4837755	78159.8041824	3414.8943475	0.0050005	1.0869430	4.3654305	
4.4678491	78505.4726250	3410.3329774	0.0049878	1.0847180	4.3543143	
4.3547167	141391.7671923	3240.2341029	0.0048476	1.0607219	4.2319699	
4.5065125	17204.3948116	3422.6002826	0.0050386	1.0947570	4.3987270	
4.4934018	65500.3923735	3421.8266878	0.0050251	1.0932091	4.3869107	
4.2806393	504635.6254283	3185.7764686	0.0047599	1.0465256	4.1553999	
4.5525250	14412.5363295	3445.4605525	0.0050947	1.1071892	4.4477005	
4.5035042	22479.7896835	3427.0682177	0.0050380	1.0950260	4.3981824	
3.8371739	7655512.4497848	2658.0681157	0.0042154	0.9465506	3.6800335	
3.8347825	7669048.0011499	2657.3358398	0.0042130	0.9459849	3.6779727	
3.8795886	7960889.2027065	2634.6556301	0.0042898	0.9612339	3.7449593	
3.8284931	7960905.3443472	2649.1820259	0.0042068	0.9447979	3.6725625	
3.8539967	7960888.5768346	2654.9998237	0.0042488	0.9539312	3.7091922	
5.4285887	25206.2431298	4127.4242218	0.0062317	1.3028792	5.4402743	
5.5299886	24314.9684570	4220.0977036	0.0063677	1.3256807	5.5590212	
5.5298698	24891.2533181	4219.9634900	0.0063676	1.3256571	5.5588871	
4.6204044	2683595.6891995	3388.7736732	0.0051771	1.1198039	4.5196254	
4.5781371	25263.6389960	3509.2292994	0.0051201	1.1084411	4.4698739	
4.1762374	4875806.7555990	2966.3314102	0.0046118	1.0192714	4.0260694	
4.3330861	3928013.3564981	3125.7833874	0.0048073	1.0542880	4.1967954	
4.3924978	3756610.9414205	3169.6875069	0.0048818	1.0680011	4.2617933	
4.1542570	5176291.5780415	2904.8857435	0.0045857	1.0167465	4.0033597	
4.1401183	5332887.3983925	2932.8301367	0.0045639	1.0111273	3.9843110	
4.4714954	3918585.6385575	3126.6689243	0.0049830	1.1050369	4.3501253	
3.8630869	8068685.1380656	2646.0082222	0.0042592	0.9568104	3.7182429	
3.8732426	7960888.2909645	2649.4918683	0.0042714	0.9582820	3.7289456	
3.8859551	7900684.8382952	2653.7171134	0.0042846	0.9617884	3.7404840	
3.8702161	7960888.2502492	2650.8147194	0.0042646	0.9568073	3.7230363	
3.8559499	7960888.4319036	2648.3890625	0.0042522	0.9553570	3.7121771	
3.8844575	6236153.8614750	2716.2744921	0.0042679	0.9563550	3.7258822	
3.9365174	6236153.5197193	2760.8417968	0.0043249	0.9668453	3.7756270	
3.9877990	5687228.3926790	2784.9920497	0.0043821	0.9773864	3.8255581	
3.9654222	6236152.9230492	2743.1935476	0.0043540	0.9745900	3.8010179	
3.9472110	6236153.0561159	2770.8405806	0.0043330	0.9682882	3.7827219	
3.8639011	7002598.3210041	2686.0638217	0.0042440	0.9512891	3.7049911	
3.8568885	7459858.3877408	2682.1079533	0.0042419	0.9508289	3.7031876	
3.8617794	7197894.4171749	2684.0020253	0.0042438	0.9512501	3.7048500	
3.8632706	7459858.3779607	2679.1316111	0.0042466	0.9518839	3.7072461	
3.8542945	7459858.4144091	2681.9432066	0.0042393	0.9503230	3.7008711	
3.8571713	7459858.3887380	2682.0509962	0.0042423	0.9508995	3.7034860	
3.8627656	7459858.4080777	2674.6262512	0.0042497	0.9534332	3.7100165	
3.8570060	7459878.0449129	2675.7006581	0.0042395	0.9502752	3.7011233	
3.8590013	7459858.3807966	2680.4669245	0.0042425	0.9508460	3.7036717	
3.8605667	7459858.4448188	2672.2558629	0.0042537	0.9541100	3.7134771	
3.9718347	5798016.8514454	2773.2892688	0.0043644	0.9737735	3.8101447	
3.8877311	7459858.5685103	2659.4856411	0.0042825	0.9605515	3.7386263	
3.8570930	7459858.4079352	2677.5967468	0.0042453	0.9518056	3.7061641	
3.8571331	7404463.2672839	2682.9643263	0.0042412	0.9506564	3.7025394	
3.8573458	7459099.6524401	2682.4029068	0.0042425	0.9509509	3.7036622	
3.8550518	7459858.3935670	2678.7855301	0.0042418	0.9507077	3.7030549	
3.8613115	7383622.0170300	2681.1343494	0.0042461	0.9518587	3.7068613	
3.8609052	7459858.4411514	2671.2436499	0.0042535	0.9540511	3.7132944	
4.3355777	3994855.7598055	3117.8166950	0.0048082	1.0551492	4.1975503	
4.3234107	4025755.9670625	3111.4742065	0.0047936	1.0522160	4.1847703	
4.3031202	4164006.8427895	3090.3503664	0.0047678	1.0476567	4.1622708	
4.3995475	3742689.2435832	3173.0636133	0.0048904	1.0696830	4.2693443	
4.1028766	5373226.5973822	2890.6937842	0.0045208	1.0030934	3.9466706	
4.3753982	3809134.5959729	3156.0854218	0.0048593	1.0640679	4.2422112	
4.4785085	3547811.3181938	3194.6192802	0.0049781	1.0885673	4.3458867	
4.1617497	4165207.3817027	2970.1893183	0.0045909	1.0158847	4.0078629	
4.3029909	4164894.5178506	3090.2150107	0.0047676	1.0476280	4.1621299	
4.2808096	4165073.7418192	3039.8487798	0.0047356	1.0454064	4.1341807	
4.0922144	5478465.7794871	2862.8587004	0.0045089	1.0015926	3.9362761	
4.1576403	4996111.9653956	2936.3609137	0.0045879	1.0155637	4.0052046	
4.6947784	2503420.8906224	3448.5752871	0.0052712	1.1368546	4.6017931	
4.2583046	4165125.7814660	3047.7150801	0.0047093	1.0374267	4.1112111	
4.3079788	4079279.4247267	3093.9826251	0.0047739	1.0487781	4.1676120	
4.3030215	4164607.4021588	3090.2667194	0.0047677	1.0476319	4.1621597	
3.9536953	5868399.4913285	2764.0595471	0.0043382	0.9690429	3.7872729	
3.8924287	6343947.8201885	2674.8361602	0.0042668	0.9583190	3.7248971	
3.8475872	6343950.2121091	2693.6763070	0.0042263	0.9482858	3.6895171	
4.5095286	3110142.5636784	3284.3537334	0.0050331	1.0944674	4.3938862	
4.0389426	5535487.2385507	2828.1442451	0.0044425	0.9884285	3.8782958	
4.1826165	4727032.7736205	2967.7613552	0.0046188	1.0205437	4.0321860	
3.9879027	6112949.9600990	2757.8365173	0.0043968	0.9814778	3.8383775	
6.8085841	6014.8915358	5031.1123385	0.0079869	1.6184640	6.9725960	
5.9636528	11710.7601320	4492.2557357	0.0069291	1.4258341	6.0490771	
5.4862058	279858.7966179	4173.6953879	0.0063034	1.3166390	5.5028541	
3.9852634	6268879.3725933	2787.1718892	0.0043805	0.9778801	3.8242023	
3.9876993	6320917.4348303	2784.3262047	0.0043833	0.9787193	3.8265999	
3.9926487	6236153.1581950	2795.3248230	0.0043892	0.9793531	3.8317549	
3.9934594	6236153.1699572	2794.2394238	0.0043902	0.9796961	3.8326648	
3.9812959	6343284.1595053	2784.6326942	0.0043759	0.9770362	3.8201854	
3.9039555	6343947.9720493	2699.7424350	0.0042823	0.9599221	3.7384438	
3.9486051	6343886.8253948	2755.5355888	0.0043382	0.9700248	3.7872794	
6.6854346	11714.7688467	4982.0597283	0.0078337	1.5894524	6.8387959	
5.4258250	2142394.4546269	3839.1718962	0.0062128	1.3179938	5.4237605	
6.3271930	123621.2665291	4703.1610558	0.0073841	1.5100711	6.4462794	
6.4499591	25276.4958734	4814.5966937	0.0075460	1.5372135	6.5876868	
6.0315344	145915.1051450	4478.1354457	0.0070110	1.4439543	6.1205624	
6.0322075	145915.1118661	4477.3200611	0.0070120	1.4441847	6.1214341	
6.0654652	145915.3038220	4474.4234270	0.0070618	1.4571874	6.1649216	
5.0681538	3110145.8658702	3609.5186364	0.0057401	1.2263987	5.0111264	
4.1972623	4727032.9701651	2983.6637238	0.0046395	1.0251108	4.0502453	
5.4273236	510523.6574179	4112.1381167	0.0062289	1.3044272	5.4378536	
6.4992919	12106.5128182	4815.8342503	0.0075138	1.5471999	6.5595561	
6.3529497	111095.1615491	4666.9628373	0.0073135	1.5143616	6.3846839	
6.2942742	145914.4917930	4622.6242909	0.0072506	1.5038714	6.3297636	
6.3018191	145914.4883644	4634.8176083	0.0072565	1.5041185	6.3349048	
6.3086482	145914.5777816	4620.2740532	0.0072678	1.5066860	6.3447685	
6.4383200	109834.6662390	4758.3558714	0.0074378	1.5339334	6.4932037	
4.0814019	5535487.5508235	2871.2251516	0.0044951	0.9990623	3.9242077	
4.2006448	4727031.1528511	2987.4410155	0.0046408	1.0255954	4.0513980	
4.2714597	4331850.7407125	3054.3790971	0.0047288	1.0414973	4.1282803	
4.2143981	4607057.4116430	3001.0154760	0.0046580	1.0286784	4.0663986	
4.2006452	4727027.5496352	2987.4415428	0.0046408	1.0255955	4.0513984	
4.2117723	4659094.6315701	2993.7773435	0.0046544	1.0282905	4.0633153	
4.2006450	4727029.8677903	2987.4412372	0.0046408	1.0255955	4.0513982	
5.3534422	1493280.5648020	3887.0144587	0.0061166	1.2905004	5.3397849	
4.2372546	4726909.8453558	2980.1214413	0.0046890	1.0378702	4.0935358	
4.4314262	4162563.2925572	3123.5912187	0.0049157	1.0779832	4.2914126	
4.2006447	4727032.2384967	2987.4408566	0.0046408	1.0255954	4.0513978	
4.3403141	3918584.5985475	3130.6387042	0.0048151	1.0568918	4.2035870	
4.8846735	3902284.9187627	3390.3308575	0.0054449	1.1842324	4.7533749	
4.2006521	4726981.1452217	2987.4493693	0.0046408	1.0255968	4.0514052	
4.2034555	4659094.6548268	2989.4154034	0.0046442	1.0262459	4.0543865	
4.2454258	4451129.3410511	3032.3827721	0.0046962	1.0355861	4.0997639	
4.2612640	4445254.9555346	3039.5030485	0.0047149	1.0399695	4.1161299	
4.3112548	4165207.9277854	3088.2461146	0.0047782	1.0504528	4.1714037	
4.2550632	4396451.0426130	3042.0672334	0.0047083	1.0377060	4.1103441	
4.2006486	4727002.0067029	2987.4454644	0.0046408	1.0255962	4.0514020	
4.1146916	4727033.0630329	2917.4571212	0.0045365	1.0068760	3.9603659	
3.8655854	7691396.7307434	2686.5249076	0.0042508	0.9536291	3.7109207	
4.2012650	4727033.0058904	2969.1101930	0.0046418	1.0266594	4.0523056	
3.8832913	7152415.1920580	2698.7617270	0.0042641	0.9566848	3.7225420	
4.1956556	4727032.9494708	2985.8536472	0.0046353	1.0242289	4.0465857	
4.1984064	4727032.9512565	2984.4172678	0.0046381	1.0251025	4.0490796	
3.8674538	7349067.9872300	2678.2918394	0.0042610	0.9548042	3.7198777	
3.8677364	7655512.3774744	2684.8007454	0.0042588	0.9533624	3.7179130	
3.8696516	7254136.1297601	2678.7258515	0.0042627	0.9551562	3.7213265	
4.2410926	4577015.2562329	3013.1600780	0.0047027	1.0364744	4.1054511	
3.9938161	6290050.6671744	2779.2267920	0.0044021	0.9812786	3.8430106	
3.8952437	7152415.0189660	2703.1627889	0.0042856	0.9592866	3.7413090	
3.8992411	7152415.0323234	2701.0810816	0.0042901	0.9603384	3.7452550	
3.8934270	7152415.0242143	2702.3918142	0.0042845	0.9590638	3.7403810	
4.0916176	5535487.5285986	2867.7755438	0.0045191	1.0029263	3.9451314	
3.9066664	7152415.0845695	2699.3945697	0.0043031	0.9643805	3.7565791	
5.6861183	276676.2752801	4364.0994330	0.0065798	1.3627177	5.7441264	
3.8989671	7151838.7074386	2701.3151957	0.0042917	0.9609486	3.7466264	
3.9020149	7152415.0660496	2700.3094461	0.0042971	0.9624633	3.7514032	
3.8773667	7152415.2120873	2682.4479392	0.0042688	0.9564409	3.7266362	
3.8587629	7960888.3319326	2669.0491356	0.0042554	0.9536169	3.7149668	
3.8656020	7459858.1868628	2674.0221784	0.0042600	0.9545283	3.7189443	
3.8602692	7720114.8591813	2681.4672240	0.0042505	0.9517435	3.7107030	
3.8601844	7960888.3249991	2676.4082582	0.0042560	0.9530124	3.7154797	
3.8583487	8068685.2368224	2676.7069269	0.0042546	0.9525535	3.7142502	
3.8465508	7960888.2338601	2677.9015040	0.0042375	0.9491174	3.6992961	
3.8593351	7906989.8894401	2679.2845840	0.0042526	0.9521299	3.7125321	
3.8600147	7960206.9084953	2678.7511990	0.0042545	0.9525191	3.7141557	
3.8663368	7691396.4985036	2686.3740837	0.0042574	0.9530427	3.7166763	
3.8617131	7960888.3216741	2677.1046713	0.0042563	0.9532806	3.7157828	
3.8561481	7960888.5956799	2671.2521930	0.0042548	0.9525747	3.7144376	
3.8584330	7853091.4808357	2680.2935907	0.0042502	0.9516886	3.7104043	
3.8623852	7960888.3107971	2676.6452905	0.0042554	0.9525886	3.7149356	
3.8551681	7960888.4593824	2638.2379338	0.0042531	0.9528615	3.7129714	
3.8599064	7960888.3257720	2675.8324978	0.0042560	0.9528581	3.7154846	
3.8553407	7530242.3665625	2621.2242540	0.0042534	0.9537373	3.7131948	
3.8657152	7669048.5811365	2620.5677157	0.0042709	0.9569364	3.7284636	
3.9574043	7466040.5065697	2660.2421470	0.0043737	0.9779074	3.8182198	
3.8712277	7413737.3506299	2699.0040999	0.0042581	0.9548114	3.7172902	
3.8793263	6942483.2446375	2703.3812905	0.0042615	0.9555215	3.7203287	
3.8705285	7414523.3617112	2696.2987250	0.0042589	0.9550981	3.7180456	
3.8760597	7300568.0417735	2701.6182392	0.0042620	0.9555883	3.7207082	
3.8659431	7528478.7041802	2696.7249109	0.0042535	0.9538861	3.7132716	
3.8696908	7414523.3677456	2693.4380501	0.0042594	0.9553236	3.7184815	
3.8687450	7414523.4378559	2683.3632213	0.0042574	0.9552402	3.7167353	
3.8649376	7528478.7078963	2696.2143197	0.0042523	0.9537156	3.7122198	
3.8703503	7414523.3615862	2696.4302485	0.0042588	0.9550601	3.7178927	
3.8795736	7201418.2202273	2701.6683908	0.0042652	0.9562623	3.7235529	
3.8703604	7414523.3444657	2697.6670733	0.0042568	0.9545458	3.7161434	
3.8678069	7414523.3277232	2699.4678096	0.0042521	0.9533893	3.7120887	
3.9943023	5705207.9868831	2791.2100572	0.0043909	0.9798012	3.8332647	
3.8669436	7414523.1792864	2673.9548541	0.0042625	0.9550734	3.7211357	
3.8704724	7414523.3379278	2699.0354475	0.0042563	0.9546057	3.7157279	
3.8691948	7414523.3522911	2697.3443139	0.0042565	0.9544183	3.7159216	
3.8692753	7414523.3444885	2698.4093712	0.0042555	0.9542519	3.7150500	
3.8721041	7357545.6392507	2699.4371222	0.0042582	0.9548052	3.7174265	
3.8699692	7414523.3494112	2697.6257099	0.0042563	0.9541881	3.7157734	
4.2006448	4727031.1528511	2987.4410155	0.0046408	1.0255954	4.0513980	
4.2714597	4331850.7407125	3054.3790971	0.0047288	1.0414973	4.1282803	
4.2143981	4607057.4116430	3001.0154760	0.0046580	1.0286784	4.0663986	
4.2006452	4727027.5496352	2987.4415428	0.0046408	1.0255955	4.0513984	
4.2117723	4659094.6315701	2993.7773435	0.0046544	1.0282905	4.0633153	
4.2006450	4727029.8677903	2987.4412372	0.0046408	1.0255955	4.0513982	
4.2372546	4726909.8453558	2980.1214413	0.0046890	1.0378702	4.0935358	
4.4314262	4162563.2925572	3123.5912187	0.0049157	1.0779832	4.2914126	
4.3403141	3918584.5985475	3130.6387042	0.0048151	1.0568918	4.2035870	
4.2006521	4726981.1452217	2987.4493693	0.0046408	1.0255968	4.0514052	
4.2034555	4659094.6548268	2989.4154034	0.0046442	1.0262459	4.0543865	
4.2454258	4451129.3410511	3032.3827721	0.0046962	1.0355861	4.0997639	
4.2612640	4445254.9555346	3039.5030485	0.0047149	1.0399695	4.1161299	
4.3112548	4165207.9277854	3088.2461146	0.0047782	1.0504528	4.1714037	
4.2550632	4396451.0426130	3042.0672334	0.0047083	1.0377060	4.1103441	
4.2006486	4727002.0067029	2987.4454644	0.0046408	1.0255962	4.0514020	
4.2410926	4577015.2562329	3013.1600780	0.0047027	1.0364744	4.1054511	
3.8465508	7960888.2338601	2677.9015040	0.0042375	0.9491174	3.6992961	
3.8551681	7960888.4593824	2638.2379338	0.0042531	0.9528615	3.7129714	
3.8553407	7530242.3665625	2621.2242540	0.0042534	0.9537373	3.7131948	
3.8657152	7669048.5811365	2620.5677157	0.0042709	0.9569364	3.7284636	
3.9943023	5705207.9868831	2791.2100572	0.0043909	0.9798012	3.8332647	
5.1150594	1057730.9408444	3797.9468915	0.0058149	1.2348372	5.0764349	
5.4676802	168884.1810416	4102.1732011	0.0062369	1.3112900	5.4447822	
4.9254895	2290644.5820035	3621.4322983	0.0055613	1.1931459	4.8550436	
5.5465194	6342.0511008	4226.4739464	0.0063840	1.3303593	5.5732748	
5.3692980	255232.5005798	4028.5740176	0.0061480	1.2920781	5.3671969	
5.6446206	97724.8404552	4173.9724650	0.0063987	1.3505005	5.5860943	
5.3745777	279795.5735019	4026.9375197	0.0061528	1.2939157	5.3714174	
5.5121042	88416.9083824	4193.9595211	0.0063388	1.3226185	5.5337809	
5.3516885	279795.4732262	4048.2978799	0.0061257	1.2864875	5.3477716	
5.1249079	1205053.1050620	3759.8537860	0.0058195	1.2419678	5.0804582	
5.0532756	1283496.2528229	3725.3706406	0.0057313	1.2233845	5.0034652	
5.2611159	452622.5367509	3947.9587283	0.0060057	1.2672980	5.2429447	
5.4640779	185538.8153096	4098.6137097	0.0062321	1.3104873	5.4406242	
5.3868020	406216.2844501	4003.4674193	0.0061669	1.2994634	5.3836772	
3.9542492	5827022.2878788	2739.2582244	0.0043388	0.9705265	3.7878130	
3.9965319	5758732.3834561	2788.0477179	0.0043933	0.9805918	3.8353855	
4.7231858	2645647.6939843	3430.6782343	0.0052958	1.1442315	4.6232380	
4.0016251	5687228.4947425	2799.4078266	0.0043995	0.9812663	3.8407834	
4.5751475	3002351.0859250	3336.8666957	0.0051128	1.1103833	4.4634764	
4.0024489	5687228.5065377	2798.3448152	0.0044006	0.9816119	3.8417055	
4.5753270	3002351.0941576	3334.2697662	0.0051131	1.1106034	4.4636986	
3.9105211	6236152.7949444	2706.4268105	0.0042891	0.9612133	3.7444062	
3.9319558	6007203.1464692	2722.2279673	0.0043140	0.9657933	3.7661482	
3.8932161	6343947.9102553	2698.8725993	0.0042690	0.9571937	3.7268182	
4.0232424	5804198.5468142	2746.5497901	0.0044198	0.9872036	3.8584444	
3.9046218	6268879.0239863	2699.1864786	0.0042827	0.9600110	3.7388225	
3.8835021	6613436.4619386	2671.6969390	0.0042625	0.9562657	3.7211519	
3.9039555	6343947.6624790	2699.7424554	0.0042823	0.9599221	3.7384438	
3.8816457	6591945.8087043	2674.9797236	0.0042587	0.9554084	3.7178196	
4.0609035	4727032.0835761	2861.8889926	0.0044636	0.9935534	3.8966985	
3.9137842	6238836.3447638	2702.7667906	0.0042933	0.9622173	3.7480347	
3.9039564	6343944.8695663	2699.7427472	0.0042823	0.9599223	3.7384445	
3.9039556	6343944.8763474	2699.7426090	0.0042823	0.9599221	3.7384439	
3.8614130	6343948.2566397	2675.0578603	0.0042351	0.9510306	3.6972014	
3.9039632	6343815.1334485	2699.7482080	0.0042823	0.9599235	3.7384506	
3.9240719	6058269.2614552	2717.4609784	0.0043042	0.9639840	3.7575888	
3.9133429	6236152.7904624	2708.4199320	0.0042923	0.9617950	3.7471924	
3.9323354	6343948.3153883	2667.9445712	0.0043198	0.9686834	3.7712267	
3.9039575	6343906.4037187	2699.7456493	0.0042823	0.9599222	3.7384449	
3.8905553	6343947.9997592	2684.1908558	0.0042676	0.9571800	3.7256450	
3.8509996	7152415.2600949	2647.1996615	0.0042303	0.9500637	3.6930284	
3.8978979	6343947.9615521	2694.2018843	0.0042750	0.9585503	3.7320522	
4.0154671	5535487.1218245	2782.2361999	0.0044129	0.9844697	3.8524302	
3.8921340	6343948.7652273	2669.2923743	0.0042805	0.9602200	3.7368380	
3.9039840	6343074.9877724	2699.7701911	0.0042823	0.9599266	3.7384656	
3.9221801	6074460.3184265	2717.5947841	0.0043018	0.9635983	3.7554493	
3.8988313	6343947.9575422	2697.9191304	0.0042766	0.9585233	3.7334923	
3.9109324	6320917.1136566	2698.2894600	0.0042904	0.9618080	3.7455535	
3.9039564	6343917.0150271	2699.7439764	0.0042823	0.9599222	3.7384444	
4.0160553	5984870.8533899	2860.2982207	0.0045530	0.9994205	3.9747370	
5.8687276	212866.8273972	4503.6899661	0.0069561	1.4127047	6.0727115	
3.6659948	7266411.9871348	2757.3479474	0.0042027	0.9137536	3.6689235	
4.5353141	3526798.8358278	3379.4548950	0.0052114	1.1099916	4.5495181	
3.9700471	6121057.5979621	2860.5719970	0.0044922	0.9828604	3.9216785	
3.8154392	6643141.9814167	2892.6740483	0.0043638	0.9445977	3.8095988	
3.7613596	6790221.7488806	2871.7312774	0.0043094	0.9335006	3.7620984	
3.8067331	6657257.8161691	2904.3569271	0.0043660	0.9446357	3.8114877	
3.8862586	6258365.6855908	2959.6044944	0.0044633	0.9626550	3.8964848	
3.7200176	6923185.9053311	2854.5058798	0.0042655	0.9232941	3.7237580	
3.7927363	6674016.4291874	2897.2646477	0.0043479	0.9413707	3.7957419	
4.0102207	5645911.6904974	3041.7408411	0.0046026	0.9880532	4.0180863	
3.6205554	8138988.7945196	2752.7588105	0.0041577	0.9053352	3.6296620	
3.8585801	6386985.3920511	2855.7036534	0.0044095	0.9576137	3.8494799	
3.6254282	8138988.6586593	2761.6599115	0.0041511	0.9040432	3.6239067	
3.9657033	5859666.6170737	2932.6844879	0.0045330	0.9836241	3.9572945	
3.8512694	6386985.2136217	2888.3541073	0.0044052	0.9553318	3.8457636	
3.8220723	6386985.8211693	2814.5977578	0.0043757	0.9514793	3.8199446	
3.8538476	6386985.2439624	2870.7210017	0.0044040	0.9538725	3.8446845	
3.9833414	5671504.8594571	2974.6710051	0.0045682	0.9850132	3.9880381	
3.8635605	6386985.2395761	2884.6198984	0.0044186	0.9575882	3.8574584	
3.9161050	6099515.6439883	2908.7325815	0.0044734	0.9696874	3.9052886	
3.9553200	5890165.3838577	2943.7315806	0.0045220	0.9785519	3.9476843	
3.6360334	8138988.6352796	2769.8220826	0.0041594	0.9056839	3.6311277	
3.6513937	7515719.0564800	2809.0152050	0.0041835	0.9076959	3.6521832	
5.6682409	1025507.1913773	4416.2734161	0.0067557	1.3677708	5.8976980	
6.0047853	36498.8425953	4723.3841991	0.0072003	1.4426528	6.2859029	
5.6614264	1269549.9385461	4408.6538051	0.0067463	1.3666604	5.8895588	
6.0048097	36434.4098907	4723.4054270	0.0072004	1.4426573	6.2859287	
5.9350302	36503.7588111	4531.3573504	0.0070208	1.4317162	6.1291438	
5.9190784	36505.2077201	4671.3904000	0.0070909	1.4213897	6.1903710	
3.7646903	6892449.9933823	2862.9395466	0.0043105	0.9353173	3.7630360	
3.8385550	6464666.6374139	2848.2055310	0.0043589	0.9527592	3.8053394	
3.8618232	6343639.9555594	2857.1525581	0.0043930	0.9603320	3.8351058	
3.8266884	6657258.3418994	2839.1076223	0.0043461	0.9501232	3.7941254	
4.0159056	5671504.8955790	2950.3680362	0.0045538	0.9909239	3.9754933	
3.7481443	6923186.3586582	2778.0617244	0.0042503	0.9305776	3.7104930	
3.6478783	6923186.4685522	2771.9565985	0.0041891	0.9092664	3.6570724	
3.7838809	6790222.2400904	2803.9821208	0.0042871	0.9381835	3.7426416	
4.1190543	4928725.3936199	3062.7128319	0.0046992	1.0153845	4.1023618	
4.1007778	4928724.9268895	3100.8869527	0.0046624	1.0094589	4.0702750	
4.0881168	4951095.1310661	2972.3922858	0.0046556	1.0133421	4.0643410	
5.4774814	1397660.6091801	4073.5571035	0.0064290	1.3276802	5.6124891	
5.6691676	580829.0483546	4207.8705917	0.0066701	1.3744268	5.8230000	
5.6607952	1300168.4558817	4238.7947479	0.0066660	1.3732439	5.8193764	
4.6511448	2934266.0635421	3443.8625010	0.0053247	1.1417849	4.6484884	
4.6287890	3200194.9800551	3457.9260856	0.0053467	1.1339987	4.6676547	
4.6264775	3344911.5328655	3460.9724132	0.0053421	1.1331991	4.6636882	
3.7282220	6923178.2293608	2867.9646017	0.0042751	0.9265893	3.7321435	
3.7291685	6923178.0604383	2840.7233611	0.0042677	0.9252631	3.7257448	
3.7608467	6790214.0512528	2876.7635065	0.0043040	0.9322412	3.7573950	
3.7557570	6790214.0706474	2872.1205027	0.0043013	0.9316817	3.7550001	
3.7619828	6790214.0508743	2877.3836787	0.0043050	0.9324437	3.7582895	
3.8862591	6258358.0490757	2959.6050061	0.0044633	0.9626550	3.8964851	
3.7927368	6674008.2472069	2897.2649835	0.0043479	0.9413707	3.7957422	
4.1419969	4928724.3716365	3118.6038205	0.0047139	1.0208000	4.1152682	
4.1693277	4795761.1097786	3143.6791743	0.0047432	1.0256534	4.1407738	
4.1420100	4928648.7702105	3118.6169748	0.0047140	1.0208025	4.1152814	
4.0946210	4928725.3759607	3135.5557645	0.0047233	1.0096908	4.1234124	
4.0123791	4928725.4233088	3036.7544949	0.0046283	0.9924109	4.0405276	
4.2834034	4327744.5708671	3221.0879224	0.0048930	1.0535880	4.2716292	
4.2190200	4662797.5738908	3130.4704966	0.0048230	1.0399570	4.2105199	
4.2991218	4747743.2887913	3095.7639365	0.0048916	1.0613025	4.2703248	
4.3563206	4503501.5494176	3141.5870783	0.0049652	1.0745365	4.3345821	
4.0837398	5183421.3043727	2918.6925663	0.0046362	1.0135547	4.0473801	
4.4574662	4265941.6184749	3197.4077743	0.0050872	1.0997706	4.4411651	
4.2984872	4747743.3028502	3095.7340875	0.0048908	1.0611863	4.2696896	
4.0144800	5306885.6094581	2919.1618965	0.0045588	0.9936927	3.9798283	
3.9788708	5671505.1902337	2890.5993229	0.0045169	0.9859985	3.9432854	
5.7842577	445995.4782073	4290.4724853	0.0068151	1.4008318	5.9495589	
4.3149141	4637254.8977639	3144.7416800	0.0049250	1.0616985	4.2994886	
4.5513636	1397662.3666181	3464.6136540	0.0052220	1.1124166	4.5588178	
4.0816506	5306885.3272432	2989.0537195	0.0046316	1.0077003	4.0434295	
3.9111767	6125401.8230708	2891.4457288	0.0044398	0.9683829	3.8759187	
3.9477895	5961709.4227471	2915.6262991	0.0044894	0.9787731	3.9192491	
3.8664149	6258365.7775491	2849.7310942	0.0043853	0.9570378	3.8283976	
3.9072405	6125401.8464743	2888.5896293	0.0044383	0.9680864	3.8746791	
3.9118130	6125401.8214719	2891.7983375	0.0044403	0.9684602	3.8763527	
4.3320696	4206718.1752073	3209.5950995	0.0049697	1.0690510	4.3385220	
3.9496061	6030723.2670520	2904.0492103	0.0044979	0.9826638	3.9266740	
3.8344952	6674016.8714607	2824.2776613	0.0043381	0.9489949	3.7871205	
3.8962044	6258365.7596684	2870.7130840	0.0044096	0.9622999	3.8495470	
3.8554985	6464666.4628683	2843.6598943	0.0043626	0.9535482	3.8085070	
3.7837248	6790222.2365219	2804.3028172	0.0042868	0.9380597	3.7423358	
3.8306115	6790146.1332385	2831.9946579	0.0043469	0.9509643	3.7948383	
3.8329018	6790222.0896216	2858.1885639	0.0043447	0.9502596	3.7929623	
3.8305961	6790221.7347619	2831.9912643	0.0043469	0.9509618	3.7948278	
3.8476017	6531555.4565829	2843.1743010	0.0043650	0.9544881	3.8106817	
3.8305975	6790214.8618961	2831.9915528	0.0043469	0.9509621	3.7948288	
5.9894387	36491.6242255	4889.5098841	0.0068514	1.4297911	5.9812805	
5.8310937	1300438.0667890	4790.7113912	0.0066576	1.3912940	5.8120855	
5.8316669	1300438.0790999	4790.7480814	0.0066567	1.3916246	5.8113067	
5.8609720	36497.4393104	4791.5905287	0.0066824	1.3967965	5.8336973	
6.0674819	36426.4566920	5045.9744532	0.0069194	1.4381201	6.0406529	
6.5932941	29625.0743616	5168.8642185	0.0074911	1.5822647	6.5397632	
5.9219803	523805.5768999	4788.6300365	0.0067930	1.4225261	5.9302799	
6.1271765	36419.7074990	5068.6301474	0.0069975	1.4554257	6.1087929	
5.9894490	36427.1913610	4889.5228727	0.0068514	1.4297933	5.9812911	
6.1271751	36426.1507919	5068.6285359	0.0069975	1.4554255	6.1087915	
6.1271894	36355.2745582	5068.6443968	0.0069975	1.4554272	6.1088038	
6.0231223	36426.5559527	4922.0213825	0.0068779	1.4351076	6.0044243	
6.0415708	36426.6615153	5055.2251746	0.0069072	1.4333332	6.0299688	
5.9950827	36497.9047263	4790.8439323	0.0068125	1.4340713	5.9472922	
6.0711758	36426.5481338	5042.5507024	0.0069265	1.4403046	6.0468542	
4.2945824	4641109.6040165	3165.7377693	0.0048859	1.0599277	4.2653989	
4.3097219	4641110.1252452	3121.2466790	0.0049202	1.0650770	4.2953371	
4.2954771	4515906.5056982	3145.2127456	0.0049054	1.0601717	4.2824115	
4.2786957	4515906.0747553	3188.3379566	0.0048708	1.0545682	4.2521883	
4.1997905	4755754.9849122	3150.8642888	0.0047734	1.0335658	4.1671914	
4.0373874	5132808.2299338	3023.6743016	0.0045756	0.9970427	3.9944875	
4.2965442	4467988.6627151	3217.3387666	0.0048966	1.0558966	4.2747370	
4.0095907	5132808.6979338	3016.8599467	0.0046129	0.9915608	4.0271021	
4.4011905	3753244.2229848	3198.9187650	0.0050286	1.0818518	4.3900059	
4.2782946	4327744.6288309	3179.7082321	0.0048969	1.0536849	4.2749859	
4.2175630	4866880.8503008	3107.8749454	0.0048091	1.0395047	4.1983019	
3.7114576	5531929.3204603	2809.8672957	0.0041973	0.9124447	3.6642493	
3.6703687	5797933.8533604	2781.2651045	0.0041488	0.9036964	3.6218593	
3.6804829	5532005.8771812	2789.9493863	0.0041636	0.9058607	3.6348120	
3.7630810	5266077.6111726	2850.2891991	0.0042607	0.9241246	3.7196101	
4.8306593	1543090.0987466	3748.1705263	0.0056325	1.1683084	4.9172047	
3.7372179	5399041.6478196	2829.5738903	0.0042289	0.9182771	3.6918687	
3.5608283	7205662.4136862	2621.9232796	0.0040125	0.8814144	3.5028865	
3.5116893	7526467.9146489	2626.4058758	0.0039682	0.8697361	3.4642721	
3.5303461	7659432.1849648	2620.4105834	0.0039811	0.8737912	3.4755373	
3.5642827	7260539.4636256	2637.5882803	0.0040079	0.8802485	3.4989084	
3.5360744	7526467.9296676	2621.6850426	0.0039857	0.8748669	3.4795557	
3.5520855	7526467.7846118	2611.2964498	0.0040028	0.8794263	3.4944813	
3.6066333	7526467.9822389	2607.6934123	0.0040413	0.8890046	3.5280941	
3.5894327	6861646.8525593	2656.5395472	0.0040324	0.8849551	3.5202472	
3.4919532	7925360.5095457	2626.0323478	0.0039559	0.8683295	3.4535343	
3.4795163	7792396.2783043	2634.0092537	0.0039438	0.8651736	3.4429461	
3.5138663	7526467.7576051	2635.0445808	0.0039672	0.8719030	3.4633865	
3.5023222	7792396.2933019	2633.7560718	0.0039607	0.8694273	3.4576968	
3.5076564	7792396.2590895	2628.0455184	0.0039578	0.8695182	3.4551719	
3.5324460	6907422.4494629	2663.0704188	0.0039868	0.8748428	3.4804586	
3.5324470	6907415.0856793	2663.0710143	0.0039868	0.8748430	3.4804596	
3.5253084	6907423.2227118	2657.9424071	0.0039742	0.8719366	3.4694422	
3.5231596	7049884.9107730	2656.4039802	0.0039776	0.8730796	3.4724652	
3.5324468	6907341.4478042	2663.0720532	0.0039868	0.8748426	3.4804581	
3.7051303	6514321.8803031	2687.1011461	0.0041466	0.9149662	3.6200250	
3.8497610	4912961.9422741	2894.1687083	0.0043663	0.9470261	3.8117558	
3.6033660	6337576.9203627	2705.8144214	0.0040674	0.8916994	3.5508073	
3.5250537	7049884.9452392	2654.3130908	0.0039817	0.8742686	3.4759852	
3.5887337	7049885.0984438	2653.8977057	0.0040418	0.8895268	3.5285245	
3.5137525	6861654.3780830	2670.7171995	0.0039649	0.8686769	3.4613784	
3.4886029	7260546.9891525	2651.8674639	0.0039405	0.8639704	3.4400400	
3.7594084	5266085.2455793	2850.4623722	0.0042575	0.9234626	3.7168298	
4.2358609	3271626.0022277	3266.1010850	0.0048578	1.0319427	4.2408891	
3.4891457	7260546.9885721	2652.1174165	0.0039409	0.8640366	3.4403699	
3.5571980	7393511.3430856	2633.8902855	0.0040032	0.8792570	3.4948013	
3.5590724	7205670.5924003	2621.4624304	0.0040107	0.8810275	3.5013499	
3.5343185	7526475.5629164	2621.2242097	0.0039840	0.8744800	3.4780190	
3.5170264	7659439.8032452	2618.4899302	0.0039692	0.8709488	3.4651338	
3.5876763	6861654.4858038	2656.0844114	0.0040306	0.8845681	3.5187100	
3.5233472	6861653.6464401	2671.5858507	0.0039759	0.8710869	3.4710018	
3.5233517	6861578.0449112	2671.5883781	0.0039760	0.8710876	3.4710053	
3.5964824	6196833.6688163	2726.5637964	0.0040586	0.8866515	3.5431497	
3.5233476	6861646.7735738	2671.5860348	0.0039759	0.8710869	3.4710021	
3.5489854	6595726.0796378	2690.1018150	0.0040041	0.8764244	3.4955999	
4.3696270	2872734.7597849	3368.5863873	0.0050308	1.0626637	4.3918801	
3.4883451	7792403.9923269	2633.7712800	0.0039580	0.8682274	3.4553624	
3.5005665	7792403.9265520	2633.2975026	0.0039589	0.8690404	3.4561604	
3.5121104	7526475.3908534	2634.5860382	0.0039655	0.8715161	3.4618498	
3.6455644	5797941.4158890	2766.7058080	0.0041222	0.8979992	3.5987069	
3.4898881	7127582.8001342	2650.8383611	0.0039441	0.8645737	3.4432018	
3.4732035	7792404.0262795	2638.2525116	0.0039363	0.8627863	3.4363867	
3.4749596	7792404.0447817	2637.6268443	0.0039396	0.8635167	3.4392508	
3.4754158	7792327.6791836	2637.4231082	0.0039399	0.8635773	3.4395363	
3.4756369	7792404.0409977	2637.5500720	0.0039397	0.8635207	3.4393900	
3.5580449	7393511.3405340	2633.0323215	0.0040036	0.8793161	3.4951642	
3.7343922	5399049.2796753	2828.9498334	0.0042262	0.9176743	3.6894514	
4.2832553	3138662.2534282	3299.6567336	0.0049179	1.0427140	4.2933048	
3.5061721	7127506.4370412	2658.2756669	0.0039585	0.8677971	3.4557850	
3.4863047	7260547.0056821	2648.2583995	0.0039399	0.8637606	3.4395081	
3.5061698	7127575.1657210	2658.2745079	0.0039585	0.8677969	3.4557840	
3.5608694	7393434.9799690	2633.7016405	0.0040064	0.8799183	3.4975786	
4.1961640	3404513.3956040	3232.9086027	0.0048047	1.0225653	4.1944650	
4.1961449	3404588.9969101	3232.8922156	0.0048046	1.0225611	4.1944434	
4.5215363	2716178.5466535	3417.1777097	0.0052225	1.1038812	4.5592155	
4.5867200	2789365.9687397	3390.5312078	0.0052478	1.1218677	4.5813461	
4.6203130	2664245.0361565	3435.8238283	0.0053132	1.1289785	4.6384647	
4.8771665	1410134.0504415	3788.7061111	0.0056934	1.1788786	4.9703145	
4.1961468	3404582.1240653	3232.8937247	0.0048046	1.0225615	4.1944456	
4.0975117	3404589.1458460	3165.0396801	0.0046782	0.9995398	4.0840319	
4.0786349	4167199.6041390	3099.1728165	0.0046570	1.0003362	4.0655653	
4.2395325	3271626.0043319	3265.9491061	0.0048610	1.0326045	4.2436684	
3.7630799	5266085.2476834	2850.2882312	0.0042607	0.9241244	3.7196091	
5.2420309	35824.8480048	4099.3816463	0.0061666	1.2653133	5.3834513	
5.1400267	213459.5157333	4054.7966284	0.0060382	1.2388209	5.2713297	
5.0610547	630018.8810064	3992.9089444	0.0059291	1.2193325	5.1760840	
4.6585906	1543095.9874845	3642.6958186	0.0054036	1.1279183	4.7173459	
5.2509663	185485.7389247	4165.0504989	0.0061866	1.2627227	5.4009084	
5.6856427	23734.7312585	4266.3428056	0.0066361	1.3643672	5.7933123	
4.5412829	2931827.1478423	3354.9372911	0.0051888	1.1113922	4.5298392	
4.1530567	3537553.2500915	3126.0021332	0.0047231	1.0167769	4.1232567	
4.4743861	2858639.7004079	3380.0691401	0.0051611	1.0930123	4.5056312	
6.4904138	6757.9276207	4949.4448596	0.0076641	1.5431400	6.6907188	
5.5554731	22138.4727942	4323.6184890	0.0065709	1.3364315	5.7364246	
5.1207159	630018.7159642	3931.1701077	0.0059766	1.2381886	5.2175322	
5.2261352	776659.6229994	3881.6349531	0.0060398	1.2630087	5.2727100	
5.5479485	27257.6672122	4215.6712142	0.0065006	1.3340943	5.6750384	
4.0811027	3803481.2947784	3137.8275304	0.0046568	0.9961130	4.0654136	
5.1092511	889314.2149647	3925.8625530	0.0059614	1.2356694	5.2042640	
5.0649138	878279.3629507	3954.8940032	0.0059392	1.2214065	5.1849225	
4.5675791	2499822.3076212	3530.6587585	0.0052871	1.1081210	4.6156502	
4.8306820	1543021.3703417	3748.1901093	0.0056326	1.1683135	4.9172304	
4.9236758	1277170.3656453	3829.6605380	0.0057542	1.1894310	5.0234268	
4.7220307	1543095.8555014	3601.0305509	0.0054560	1.1471214	4.7630925	
5.4395606	35818.6690774	4236.5540897	0.0064293	1.3109442	5.6127643	
5.4395752	35745.0315920	4236.5738700	0.0064293	1.3109471	5.6127810	
5.5279091	21162.0820652	4280.1568504	0.0065530	1.3365964	5.7207287	
5.2556936	185485.6315333	4167.3007112	0.0061904	1.2637740	5.4042489	
4.0832541	3537553.3692193	3145.1594634	0.0046597	0.9965155	4.0679261	
5.2523606	35824.8227392	4103.4355285	0.0061774	1.2677086	5.3928414	
5.1922612	213459.6900730	4054.4818188	0.0061038	1.2535378	5.3286508	
3.5311715	6861654.5123325	2670.2227929	0.0039963	0.8753835	3.4887536	
3.5197659	7526475.6087451	2603.7592681	0.0039813	0.8727540	3.4756619	
3.5490825	6861654.5191807	2664.3404401	0.0040089	0.8785420	3.4997330	
3.5439048	6861654.5366125	2670.1833405	0.0040087	0.8782392	3.4996001	
3.4938328	7659363.3275364	2635.5119987	0.0039475	0.8661866	3.4461404	
3.4755314	7792404.0435250	2637.2453762	0.0039399	0.8635654	3.4395398	
3.4669116	7925291.9555659	2631.2571392	0.0039359	0.8625337	3.4360075	
3.5588087	7348132.3208145	2616.8282776	0.0040152	0.8819575	3.5052418	
3.5190514	7659439.8006842	2614.4658871	0.0039711	0.8715160	3.4667373	
3.4996018	7659440.0035739	2604.2561250	0.0039758	0.8667360	3.4709167	
3.5500020	7526041.6031798	2630.0294897	0.0039987	0.8778218	3.4908626	
3.7345786	5664977.4147064	2771.6194873	0.0042050	0.9165586	3.6709428	
3.4991382	6994618.5801465	2659.4167718	0.0039518	0.8660221	3.4498783	
3.4748009	7659439.7444792	2640.6125147	0.0039338	0.8623281	3.4342031	
3.5012752	6994617.8192558	2659.6724405	0.0039538	0.8664516	3.4516366	
3.5003441	6994618.5806729	2659.4063720	0.0039528	0.8662303	3.4507771	
3.5012758	6994610.9463887	2659.6729915	0.0039538	0.8664517	3.4516370	
3.4925209	7127582.7834881	2653.3612255	0.0039451	0.8647900	3.4440917	
3.4754322	7260547.0290193	2638.6577840	0.0039322	0.8620401	3.4327772	
3.5236637	6728690.2240504	2675.8839174	0.0039776	0.8709845	3.4724319	
3.5012746	6994542.2177018	2659.6734929	0.0039538	0.8664510	3.4516346	
3.9644934	4627220.1633645	2962.0668840	0.0045076	0.9751787	3.9350950	
4.0288661	4320379.2654272	3019.1161707	0.0045875	0.9897579	4.0048808	
4.0288673	4320371.3352056	3019.1174960	0.0045875	0.9897581	4.0048819	
4.0288829	4320292.0329820	3019.1294390	0.0045875	0.9897607	4.0048944	
3.8322721	5183474.3020336	2867.0024685	0.0043477	0.9444824	3.7955772	
3.9592865	4756090.6254952	2964.3653481	0.0045007	0.9729511	3.9291237	
4.0807227	4186244.8974661	3073.7775531	0.0046517	1.0004260	4.0609132	
4.0848500	4186244.8658101	3071.4670315	0.0046538	1.0010208	4.0627943	
3.9384179	5183393.2557132	2878.6848281	0.0044503	0.9671662	3.8851051	
3.8672583	5183393.1695339	2890.8493611	0.0043890	0.9523242	3.8316254	
4.3976681	3046472.8247211	3335.1397344	0.0050577	1.0731903	4.4154124	
3.8657161	4898551.9036206	2898.8298904	0.0043921	0.9532192	3.8342719	
3.8796681	4898551.8730397	2894.4811265	0.0043789	0.9547232	3.8227642	
4.0373914	4272104.3451930	3032.9739208	0.0045976	0.9913340	4.0137220	
4.0124587	4300422.2362629	3023.7856328	0.0045759	0.9861709	3.9947992	
4.0981303	4300422.2360418	3017.9342005	0.0046315	1.0025580	4.0432820	
4.0328517	4300422.2510147	3022.1991113	0.0045913	0.9904285	4.0081617	
4.9442883	909636.0854183	3820.4584470	0.0057673	1.1974239	5.0348253	
3.8322729	5183466.9382535	2867.0031893	0.0043477	0.9444826	3.7955781	
4.3898468	3241427.6650858	3248.8630206	0.0049995	1.0711336	4.3645602	
3.9722162	4336573.4614519	2972.4236614	0.0045167	0.9771649	3.9431013	
3.8322828	5183393.3004404	2867.0118202	0.0043478	0.9444843	3.7955866	
3.8626052	5041013.5548097	2891.7934915	0.0043773	0.9499066	3.8214061	
3.9669257	4320380.0942792	2973.0245667	0.0045124	0.9757415	3.9393592	
3.8099269	5325936.6366064	2848.8074830	0.0043209	0.9395285	3.7721518	
3.8501950	5183393.2890253	2879.3661430	0.0043672	0.9483472	3.8125657	
5.2827877	624715.8007759	4046.5787299	0.0061865	1.2733896	5.4008057	
4.1011895	4029733.5394378	3079.2472993	0.0046755	1.0063742	4.0816870	
4.0963854	4013540.1775287	3080.6001692	0.0046718	1.0050643	4.0785121	
4.4915747	2761632.3304268	3408.1424845	0.0051800	1.0948641	4.5221031	
4.0519267	4657762.4231289	2951.7872637	0.0045835	0.9950927	4.0013785	
3.8483855	5183474.6997253	2851.1162890	0.0043287	0.9476184	3.7789209	
3.8951832	5183392.9905964	2881.4916390	0.0043921	0.9551851	3.8342837	
3.7828680	5183474.6219532	2853.9205384	0.0042872	0.9301276	3.7427461	
3.8836785	4898551.6475279	2908.4795591	0.0044004	0.9574091	3.8415073	
5.2376377	624715.8556448	4029.0934231	0.0061525	1.2647752	5.3711213	
3.9634137	4756090.5938392	2961.9694794	0.0045029	0.9735459	3.9310048	
4.3976403	3046546.4623514	3335.1228191	0.0050577	1.0731848	4.4153860	
4.5213258	2761632.2051866	3427.1391136	0.0051966	1.0988944	4.5366582	
4.2721783	3046553.6702306	3258.8343171	0.0048943	1.0436448	4.2727473	
4.5321043	2761632.2689174	3423.5928262	0.0052111	1.1024743	4.5492552	
4.7106234	2019074.5162618	3571.0049440	0.0054671	1.1464903	4.7727798	
5.1927689	1185863.6246298	3786.9315165	0.0060348	1.2673264	5.2683860	
4.7106484	2018995.2142181	3571.0241936	0.0054671	1.1464951	4.7728043	
4.5911192	2019081.4773137	3472.8879476	0.0052794	1.1229437	4.6089529	
4.0103267	4658702.8816549	2951.4685960	0.0045320	0.9835551	3.9564535	
4.0568153	4658703.1378844	2939.3023155	0.0045783	1.0024835	3.9968437	
3.9648965	4658702.8621352	2961.8081727	0.0045004	0.9748097	3.9288225	
3.9479707	4801164.3316068	2939.2505126	0.0044765	0.9709114	3.9080274	
4.0294509	4801164.3763696	2933.5379136	0.0045351	0.9870753	3.9591448	
4.0057750	4801164.6047004	2926.6840619	0.0045296	0.9883183	3.9543630	
4.5729623	2806698.0041786	3398.5254411	0.0052516	1.1180667	4.5846322	
4.5993390	2806705.7622056	3397.7687560	0.0052516	1.1187837	4.5846701	
4.5729608	2806705.3679424	3398.5239345	0.0052516	1.1180664	4.5846305	
4.5081174	2806705.9468277	3369.6775743	0.0051677	1.0976132	4.5113831	
4.5729789	2806624.3665265	3398.5398382	0.0052516	1.1180694	4.5846490	
4.4813752	2806705.9762334	3378.9309952	0.0051564	1.0938707	4.5015216	
3.7334695	5531565.1554335	2824.6706173	0.0042251	0.9175775	3.6885558	
3.7334679	5531571.5987382	2824.6693789	0.0042251	0.9175772	3.6885542	
3.7334798	5531500.7223802	2824.6780490	0.0042252	0.9175798	3.6885666	
3.7304089	5531572.3063202	2824.1933029	0.0042218	0.9168351	3.6856312	
3.7213566	5531572.3538456	2808.3196671	0.0042046	0.9188719	3.6706336	
3.7115936	5531572.4025560	2813.9376566	0.0041991	0.9126712	3.6657786	
3.6804831	5532005.1135300	2789.9495022	0.0041636	0.9058608	3.6348122	
3.7117083	5532004.9237928	2809.8224400	0.0041977	0.9125445	3.6645932	
3.8432458	4867184.7679811	2918.2184698	0.0043596	0.9422483	3.8059310	
3.7114483	5532004.1582712	2809.8590222	0.0041973	0.9124428	3.6642397	
3.7114496	5531997.2854129	2809.8602032	0.0041973	0.9124431	3.6642411	
3.7757774	5532004.9976345	2795.1245175	0.0042519	0.9259240	3.7119480	
3.7114735	5531928.5568287	2809.8713163	0.0041973	0.9124479	3.6642613	
3.7630812	5266076.8475217	2850.2893457	0.0042607	0.9241246	3.7196103	
3.7114208	5532004.9218817	2809.8457271	0.0041973	0.9124372	3.6642154	
3.5968161	6196826.0319482	2726.7174037	0.0040588	0.8866938	3.5433535	
3.5982395	6196825.2719248	2727.0075978	0.0040604	0.8870386	3.5446877	
3.5982402	6196818.3990625	2727.0081065	0.0040604	0.8870388	3.5446884	
3.5804851	6329790.1539850	2713.7165043	0.0040396	0.8831552	3.5265667	
3.5491268	6462754.2873199	2694.4530884	0.0040076	0.8766552	3.4986456	
3.6393933	5930897.8536752	2756.9240036	0.0041095	0.8961942	3.5876059	
3.5964830	6196826.0323012	2726.5643305	0.0040586	0.8866516	3.5431502	
3.5982486	6196749.6704397	2727.0134720	0.0040604	0.8870405	3.5446966	
3.6003236	6196826.5287999	2722.1538995	0.0040711	0.8886726	3.5541126	
3.5863977	6196826.4765976	2730.2714194	0.0040499	0.8849495	3.5356030	
3.6181500	6063861.9380369	2741.4158495	0.0040840	0.8914539	3.5653575	
3.6083316	6196826.1495793	2726.1053932	0.0040835	0.8919244	3.5649246	
3.6625684	6196826.1112881	2711.8229684	0.0041150	0.9005198	3.5923957	
3.9853870	4202365.5117857	3049.3679301	0.0045362	0.9743715	3.9601356	
