ts1;1589.592386;1572.878085;251.866882;209.268057;262.984946;291.189366;1584.418450;295.048257;1570.909664;213.229231;810.236195;815.000000
ts2;737.563726;800.168087;744.431303;737.741265;731.086514;803.226599;809.589607;810.491048;741.938455;734.243853;737.793235;804.291700
ts3;795.018814;784.254957;796.593979;801.022999;801.022999;795.018814;810.475813;810.475813;795.018814;805.702284;813.783154;814.405508
ts4;891.185055;864.719857;887.547408;915.533272;915.533272;879.304177;890.951280;847.623785;888.294274;876.524797;917.601437;871.801699
ts5;514.041068;514.801178;509.864873;514.106141;511.394196;508.572325;517.123853;511.935521;495.754526;546.001420;493.752271;509.573958
ts6;881.222612;847.517044;894.511814;828.624366;822.591295;831.660589;886.181338;888.654014;799.897458;818.401878;808.994049;841.062126
ts7;529.853747;524.308024;528.727673;530.904845;522.589583;524.228311;529.989100;524.705056;521.319266;522.417834;525.846681;522.938308
ts8;486.547407;485.196823;490.273823;489.317054;489.317054;491.855804;487.456477;485.527687;486.801211;485.623723;485.196823;489.451076
ts9;481.544066;493.626677;498.094843;480.154201;483.307400;485.761759;493.524258;495.647379;488.151418;490.663691;488.101323;486.641186
ts10;14.912668;12.297379;13.163867;13.226685;13.214352;13.226685;13.961157;208.720829;17.229042;14.172444;208.351233;197.946235
ts11;486.503758;485.652907;503.877569;510.344588;509.514310;479.334625;499.332147;487.625084;504.237129;480.258381;480.268303;480.218469
ts12;464.896002;430.562475;992.792179;459.357949;479.797569;430.440799;467.748991;435.659136;463.136628;441.502838;494.726666;434.384365
ts13;1067.195264;962.988381;884.000860;1067.556957;1098.887770;1016.870733;887.194993;887.478679;912.980024;1069.230370;895.445069;1022.914775
ts14;1381.645609;1393.119674;1350.814097;1398.406058;1502.304436;1513.376731;1454.499247;1496.276771;1395.132864;1536.052232;1515.976385;1532.257709
ts15;1006.504035;1309.060625;1266.148260;1270.098779;1305.456391;1481.922555;1242.694073;1060.662155;1283.315044;978.350325;1156.804765;1317.330294
ts16;1901.646190;1762.436969;1626.995267;1745.065912;2041.188671;14501.376223;1770.417013;1800.123114;1821.832014;15100.839563;1853.429933;1902.378166
ts17;911.721613;746.041678;737.906177;870.405600;756.323679;751.339131;967.795686;864.710714;875.284532;959.377600;779.723490;773.118653
ts18;780.286866;905.021701;808.845740;977.223424;996.400565;774.839447;874.184986;754.078535;878.559162;879.359102;865.620904;861.758592
ts19;1407.099106;1564.497643;1690.987522;1280.637434;1690.987522;1564.497643;1280.637434;1690.987522;1690.987522;1706.470057;1690.987522;1690.987522
ts20;1387.716975;1362.442122;1340.956188;1309.230749;1421.423473;1516.962478;1443.646480;1245.591060;1400.175896;1416.315757;1418.784202;1526.419086
ts21;207.430835;214.136955;126.758442;184.547425;199.834124;174.257356;165.611963;157.229313;199.834124;220.273514;126.758442;194.482821
ts22;163.468724;194.030040;173.093645;159.021938;3116.971866;207.023448;2629.652579;201.749507;216.692855;209.933231;166.392892;169.926019
ts23;225.107275;286.818552;286.818552;286.818552;286.818552;286.818552;287.125482;226.038379;226.038379;280.899819;216.052141;289.827184
ts24;175.817283;179.347241;179.870473;171.984422;188.719602;185.988469;178.431959;176.284905;185.709891;172.942355;177.040248;176.870289
ts25;1169.115646;1122.962003;1139.139055;1146.575333;1148.247877;1137.901101;1134.942169;1157.236995;1158.228735;1103.332094;1194.269017;1176.008936
ts26;867.948829;856.046663;883.409675;880.763984;790.167039;878.300944;847.162110;874.025750;873.055161;840.188792;874.906658;830.802589
ts27;972.763368;827.752779;972.763368;1003.635549;1036.066874;972.763368;795.070129;982.655503;859.405891;900.741670;1157.226355;909.792587
ts28;1860.343579;1966.542565;1801.608120;1960.153112;1762.634727;1886.471599;1960.153112;1846.684411;1801.330407;1960.153112;1850.815591;1712.620597
ts29;695.115296;789.197659;744.822979;798.354408;724.440292;788.702064;685.247478;795.931298;720.713487;830.938000;729.784359;780.036376
ts30;463.230980;490.051378;508.192942;465.345116;491.678874;426.296248;501.418716;526.393927;497.404627;511.023079;398.281172;517.092791
ts31;336.245826;314.195468;329.483370;323.460409;310.204920;334.945495;306.423223;326.335772;326.611287;299.280980;337.551767;303.565133
ts32;723.668627;748.860641;760.489226;766.580568;754.676683;736.487752;754.464971;733.101163;749.885057;753.655330;758.916772;745.962575
ts33;774.832885;816.268350;672.767946;816.268350;10353.507793;685.019803;776.418610;737.530055;743.967165;783.677735;851.543491;828.683955
ts34;1102.513650;1150.000000;1221.693938;1217.474173;1188.547581;1202.776384;1333.188526;1195.326421;1399.748433;1336.341274;1401.385727;1167.230428
ts35;356.112397;409.499351;409.073611;371.437107;351.620804;411.124924;411.743072;385.156315;392.894716;401.136522;419.529506;366.939053
ts36;470.388550;481.840754;482.431108;467.848439;475.448270;481.840754;481.840754;455.344043;446.604336;446.604336;438.761066;487.744587
ts37;2008.390492;2126.325846;2014.914543;2042.045340;1793.459997;2102.796921;1833.877054;2089.528583;2154.963656;2133.629155;2164.397237;2133.385609
ts38;343.516062;382.100612;405.980400;393.849441;409.644199;381.356812;363.173157;375.603352;330.067085;340.140522;355.873634;394.678456
ts39;1313.431117;2115.471841;1610.497479;1728.057472;1986.029839;1585.005519;1845.443907;1487.712805;2063.137308;1704.529141;1461.985963;1818.831222
ts40;826.138608;784.365670;1186.557694;1386.619474;1352.491024;1144.508872;1299.160319;1227.872957;1253.855499;1229.703683;1018.420214;1128.048752
ts41;45.780567;42.471235;43.393837;47.526453;40.119898;50.697694;42.226547;47.523895;42.353717;49.884315;36.141607;49.001104
ts42;977.761113;1265.154317;1151.649711;975.872139;1061.713485;1124.034962;900.447883;1413.644885;1043.927496;892.011060;1273.242013;1087.442941
ts43;405.549104;518.678800;414.900192;439.277354;462.178363;532.772499;487.460303;453.281251;448.891771;439.435476;529.929155;460.113415
ts44;133.792163;124.389784;121.786050;120.214307;112.386163;103.519672;106.806765;106.078123;127.241445;132.155197;129.430792;132.085704
ts45;1460.427452;1604.372803;1605.693125;1351.839478;1997.502693;1341.835403;1982.227027;1741.609634;1376.293244;1449.066514;1636.564442;1590.101454
ts46;1667.301673;1560.110598;1281.819046;1525.119584;1434.280908;1494.327711;1540.462383;1355.464974;1413.103760;1396.093179;1436.703548;1478.717839
ts47;529.829860;444.864083;477.338368;529.829860;637.218653;475.862872;525.312527;494.738311;564.961230;438.481711;578.115117;485.106025
ts48;2325.796555;1857.847192;2319.914189;2239.606140;2193.594480;2407.111218;2407.111218;2246.562888;2407.111218;2362.214059;2160.435137;2343.322800
ts49;0.837717;0.837717;0.837717;0.837717;0.837717;0.837717
ts50;0.881951;0.881951;0.881951;0.881951;0.881951;0.881951
ts51;4778491.816582;4320896.024444;4455591.758359;5472635.365230;4455591.758359;3703012.405424;5457401.144363;4525337.777456;4981525.472965;5727353.152327;4796277.144369;5846385.131235
ts52;2851542.132917;2809319.403584;2337403.763577;2203528.197214;2849677.729881;1904612.167605;2148348.701342;2329746.882470;1853882.980939;1953362.910271;1792533.986064;2253630.354572
ts53;10262.804656;10259.623901;10263.094150;10263.335438;10264.059536;10264.059536;10263.045897;10264.639066;10264.928914;10266.185574;10263.769855;10263.914688
ts54;1480486140.442187;1480484873.042658;1480484620.539021;1486620946.105846;1478888327.865568;1486620495.620993
ts55;1483830877.438060;1480850926.686532;1481199772.781040;1483830877.438060;1480850926.686532;1483830877.438060
ts56;176.114796;190.980535;106.724561;54.050610;159.319157;119.467210
ts57;11038.974573;9022.670043;12027.580451;9022.670043;12027.580451;10653.942186
ts58;571.747967;1019.236907;1019.236907;1019.236907;1064.115916;1161.562006
ts59;35313.035028;35833.584064;32050.915369;35383.869469;32344.849328;36711.730395;32344.849328;35991.176678;38402.137894;35991.176678;42074.908812;36711.730395
ts60;62129.568786;70867.628603;62129.568786;62129.568786;62129.568786;54650.533922
ts61;4887.934514;4658.105904;4325.491503;4602.636886;4952.641359;4270.024278;4957.822818;5022.572824;5050.215604;5022.572824;5422.814998;4372.413386
ts62;488.230365;465.308875;488.230365;443.744936;498.001685;420.687691;474.265919;420.687691;449.036812;449.036812;449.036812;459.609872
ts63;611.389754;611.389754;685.109819;684.366524;684.366524;606.459234;589.000269;589.000269;591.769730;589.000269;589.000269;589.000269
ts64;289.752478;300.353738;300.353738;300.353738;302.513981;302.513981;334.956093;406.988114;406.988114;386.695434;386.695434;406.988114
ts65;10395.913989;12785.651302;10749.553831;9907.879201;10749.553831;9907.879201
ts66;46913.908402;46913.908402;46913.908402;46913.908402;46913.908402;46913.908402;46913.908402;46913.908402;46913.908402;46913.908402;46913.908402;46913.908402
ts67;45211.167626;31357.861821;34495.358992;34485.807064;12551.899836;12565.570558
ts68;20123.193201;20123.193201;20123.193201;20123.193201;35750.129221;35750.129221
ts69;47638.111693;66901.188959;57123.274813;72935.257104;72935.257104;72935.257104
ts70;116365439.222328;92600649.628607;91368984.183600;99597270.355487;91594960.805963;99102403.595532
ts71;9056530.284656;9055316.120368;7790100.588415;8311127.606660;9055616.734244;9055502.657140
ts72;22038801.543054;23383740.469710;23383740.469710;664922776.372579;660141954.716861;500141954.000000
