35.3232861	2.5367140	3.0000000	50.0000000	2.0000000	100.0000000	0.6000000	40.0000000	46.9166667	1464728625.0000000	
87.1731898	2.9703061	3.0000000	50.0000000	10.0000000	100.0000000	0.6000000	40.0000000	46.9166667	1464728534.0000000	
32.9036798	2.3422816	3.0000000	50.0000000	2.0000000	100.0000000	0.6000000	40.0000000	46.9166667	1464728787.0000000	
29.4484974	2.0699431	3.0000000	50.0000000	5.0000000	100.0000000	0.6000000	40.0000000	46.9166667	1464729217.0000000	
30.2264239	2.2941082	3.0000000	50.0000000	10.0000000	100.0000000	0.6000000	40.0000000	46.9166667	1464729241.0000000	
34.8859078	2.3785102	3.0000000	50.0000000	10.0000000	100.0000000	0.6000000	40.0000000	46.9166667	1464729281.0000000	
33.7717729	2.4769581	3.0000000	50.0000000	5.0000000	100.0000000	0.6000000	40.0000000	46.9166667	1464729697.0000000	
29.6831425	2.1537515	3.0000000	300.0000000	2.0000000	100.0000000	0.6000000	40.0000000	36.5000000	1464729845.0000000	
44.3808753	3.2877949	1.0000000	300.0000000	2.0000000	100.0000000	0.6000000	40.0000000	36.5000000	1464729916.0000000	
38.4804317	2.9217412	3.0000000	500.0000000	5.0000000	5.0000000	5.0000000	100.0000000	0.6000000	40.0000000	1464730132.0000000	
45.1922236	3.2916151	3.0000000	500.0000000	5.0000000	5.0000000	5.0000000	100.0000000	-1.0000000	40.0000000	1464730166.0000000	
45.7087670	3.2305276	3.0000000	500.0000000	5.0000000	2.0000000	2.0000000	100.0000000	-1.0000000	40.0000000	1464730203.0000000	
99.6213947	3.3879692	3.0000000	50.0000000	60.0000000	100.0000000	0.6000000	40.0000000	46.9166667	1464728551.0000000	
45.3583229	3.4992516	3.0000000	50.0000000	60.0000000	100.0000000	0.6000000	40.0000000	46.9166667	1464728601.0000000	
37.4461876	2.7370592	3.0000000	300.0000000	5.0000000	2.0000000	2.0000000	100.0000000	0.7000000	40.0000000	1464730416.0000000	
30.1338591	2.2145784	3.0000000	300.0000000	10.0000000	5.0000000	5.0000000	100.0000000	0.7000000	40.0000000	1464730482.0000000	
29.4171710	2.1285367	3.0000000	300.0000000	10.0000000	10.0000000	10.0000000	100.0000000	0.7000000	40.0000000	1464730525.0000000	
Load
62.9210469	2.1511580	3.0000000	50.0000000	5.0000000	10.0000000	10.0000000	100.0000000	0.7000000	40.0000000	1464732195.0000000	
62.4049708	2.1454146	3.0000000	50.0000000	10.0000000	10.0000000	10.0000000	100.0000000	0.7000000	40.0000000	1464732173.0000000	
78.3596038	2.5478594	3.0000000	50.0000000	1.0000000	10.0000000	10.0000000	100.0000000	0.7000000	40.0000000	1464732234.0000000	
62.3478200	2.0939131	3.0000000	24.0000000	2.0000000	5.0000000	5.0000000	100.0000000	0.7000000	40.0000000	1464733894.0000000	
78.9143727	2.5754891	3.0000000	24.0000000	2.0000000	5.0000000	5.0000000	100.0000000	-1.0000000	40.0000000	1464733912.0000000	
37.4474976	2.6641352	3.0000000	24.0000000	2.0000000	5.0000000	5.0000000	100.0000000	-1.0000000	40.0000000	1464733935.0000000	
WIND
47.4548475	3.4036516	3.0000000	300.0000000	2.0000000	1.0000000	1.0000000	100.0000000	-1.0000000	40.0000000	1464734508.0000000	
60.1702113	9.3730835	1.0000000	300.0000000	2.0000000	1.0000000	1.0000000	100.0000000	-1.0000000	40.0000000	1464734528.0000000	
55.0076160	4.4826964	1.0000000	300.0000000	2.0000000	1.0000000	1.0000000	100.0000000	-1.0000000	40.0000000	1464734554.0000000	
41.6966166	3.0142338	1.0000000	300.0000000	2.0000000	1.0000000	1.0000000	100.0000000	0.8000000	40.0000000	1464734591.0000000	
39.4585440	2.9141540	3.0000000	300.0000000	2.0000000	1.0000000	1.0000000	100.0000000	0.8000000	40.0000000	1464734666.0000000	
34.9442475	2.5251895	3.0000000	300.0000000	2.0000000	1.0000000	1.0000000	1000.0000000	0.8000000	40.0000000	1464734699.0000000	
67.4698836	10.0804734	3.0000000	300.0000000	2.0000000	1.0000000	1.0000000	10.0000000	0.8000000	40.0000000	1464734727.0000000	
33.4265492	2.4438143	3.0000000	300.0000000	2.0000000	3.0000000	3.0000000	10.0000000	0.8000000	40.0000000	1464734800.0000000	
25.6593938	1.8773305	3.0000000	300.0000000	2.0000000	10.0000000	10.0000000	10.0000000	0.8000000	40.0000000	1464734901.0000000	
25.8506708	1.8723618	3.0000000	300.0000000	3.0000000	10.0000000	10.0000000	10.0000000	0.8000000	40.0000000	1464734923.0000000	
30.7780566	3.4361892	3.0000000	300.0000000	3.0000000	10.0000000	10.0000000	10.0000000	0.8000000	40.0000000	1464735100.0000000	
25.2001602	1.7767489	3.0000000	300.0000000	4.0000000	10.0000000	10.0000000	10.0000000	0.8000000	40.0000000	1464735120.0000000	
25.5149023	1.8431857	3.0000000	500.0000000	4.0000000	10.0000000	10.0000000	10.0000000	0.8000000	40.0000000	1464735145.0000000	
24.8777711	1.7933201	3.0000000	500.0000000	3.0000000	20.0000000	20.0000000	10.0000000	0.8000000	40.0000000	1464735469.0000000	
28.0835158	1.9675899	3.0000000	500.0000000	10.0000000	10.0000000	10.0000000	10.0000000	0.8000000	40.0000000	1464735430.0000000	
24.8034686	1.8357351	3.0000000	50.0000000	3.0000000	20.0000000	20.0000000	10.0000000	0.8000000	40.0000000	1464735957.0000000	
25.0750287	1.8653737	3.0000000	50.0000000	3.0000000	20.0000000	20.0000000	10.0000000	0.8000000	40.0000000	1464736018.0000000	
25.1922922	1.8321842	3.0000000	50.0000000	10.0000000	20.0000000	20.0000000	10.0000000	0.8000000	40.0000000	1464736478.0000000	
23.7122007	1.7035811	3.0000000	50.0000000	20.0000000	20.0000000	20.0000000	10.0000000	0.8000000	40.0000000	1464737841.0000000	
24.8134037	1.7998444	3.0000000	50.0000000	30.0000000	20.0000000	20.0000000	10.0000000	0.8000000	40.0000000	1464739346.0000000	
24.1781933	1.6938709	3.0000000	50.0000000	20.0000000	20.0000000	20.0000000	10.0000000	0.8000000	40.0000000	1464739823.0000000	
24.5809032	1.7547800	3.0000000	50.0000000	20.0000000	30.0000000	30.0000000	10.0000000	0.8000000	40.0000000	1464742490.0000000	
